https://powcoder.com
代写代考加微信 powcoder
Assignment Project Exam Help
Add WeChat powcoder
https://powcoder.com
代写代考加微信 powcoder
Assignment Project Exam Help
Add WeChat powcoder
 1   2
 1   9
 1   11
 1   12
 1   13
 1   14
 1   15
 1   16
 1   20
 2   1
 2   9
 2   13
 2   14
 2   15
 2   16
 2   18
 2   20
 3   5
 3   6
 3   7
 3   10
 3   11
 3   17
 3   19
 4   5
 4   6
 4   7
 4   8
 4   9
 4   10
 4   11
 4   17
 4   19
 5   3
 5   4
 5   6
 5   7
 5   8
 5   10
 5   11
 5   17
 6   3
 6   4
 6   5
 6   7
 6   8
 6   10
 6   11
 6   17
 6   18
 6   19
 7   3
 7   4
 7   5
 7   6
 7   8
 7   9
 7   11
 7   17
 7   18
 7   19
 8   4
 8   5
 8   6
 8   7
 8   10
 8   11
 8   17
 8   19
 9   1
 9   2
 9   4
 9   7
 9   12
 9   13
 9   14
 9   15
 9   16
 9   18
 10   3
 10   4
 10   5
 10   6
 10   8
 10   11
 10   16
 10   17
 10   19
 10   20
 11   1
 11   3
 11   4
 11   5
 11   6
 11   7
 11   8
 11   10
 11   17
 11   20
 12   1
 12   9
 12   13
 12   14
 12   15
 12   16
 12   18
 12   20
 13   1
 13   2
 13   9
 13   12
 13   14
 13   15
 13   16
 13   18
 14   1
 14   2
 14   9
 14   12
 14   13
 14   15
 14   16
 14   18
 14   20
 15   1
 15   2
 15   9
 15   12
 15   13
 15   14
 15   16
 15   18
 15   20
 16   1
 16   2
 16   9
 16   10
 16   12
 16   13
 16   14
 16   15
 16   18
 16   20
 17   3
 17   4
 17   5
 17   6
 17   7
 17   8
 17   10
 17   11
 17   19
 18   2
 18   6
 18   7
 18   9
 18   12
 18   13
 18   14
 18   15
 18   16
 18   20
 19   3
 19   4
 19   6
 19   7
 19   8
 19   10
 19   17
 20   1
 20   2
 20   10
 20   11
 20   12
 20   14
 20   15
 20   16
 20   18
