https://powcoder.com
代写代考加微信 powcoder
Assignment Project Exam Help
Add WeChat powcoder
https://powcoder.com
代写代考加微信 powcoder
Assignment Project Exam Help
Add WeChat powcoder
 1   3
 1   4
 1   6
 1   9
 1   10
 1   12
 1   13
 1   14
 1   17
 2   5
 2   7
 2   8
 2   11
 2   15
 2   18
 2   19
 2   20
 3   1
 3   4
 3   6
 3   9
 3   10
 3   12
 3   13
 3   14
 3   17
 4   1
 4   3
 4   6
 4   9
 4   10
 4   12
 4   13
 4   14
 4   19
 5   2
 5   7
 5   8
 5   10
 5   11
 5   15
 5   16
 5   18
 5   19
 5   20
 6   1
 6   3
 6   4
 6   9
 6   10
 6   12
 6   13
 6   17
 7   2
 7   5
 7   11
 7   18
 7   19
 7   20
 8   2
 8   5
 8   11
 8   16
 8   18
 8   19
 8   20
 9   1
 9   3
 9   4
 9   6
 9   10
 9   12
 9   13
 9   14
 9   17
 9   20
 10   1
 10   3
 10   4
 10   5
 10   6
 10   9
 10   13
 10   17
 10   19
 11   2
 11   5
 11   7
 11   8
 11   15
 11   16
 11   18
 11   19
 11   20
 12   1
 12   3
 12   4
 12   6
 12   9
 12   13
 12   14
 12   15
 12   17
 12   20
 13   1
 13   3
 13   4
 13   6
 13   9
 13   10
 13   12
 13   17
 14   1
 14   3
 14   4
 14   9
 14   12
 14   17
 15   2
 15   5
 15   11
 15   12
 15   16
 15   18
 15   19
 15   20
 16   5
 16   8
 16   11
 16   15
 16   18
 16   19
 16   20
 17   1
 17   3
 17   6
 17   9
 17   10
 17   12
 17   13
 17   14
 18   2
 18   5
 18   7
 18   8
 18   11
 18   15
 18   16
 18   19
 18   20
 19   2
 19   4
 19   5
 19   7
 19   8
 19   10
 19   11
 19   15
 19   16
 19   18
 19   20
 20   2
 20   5
 20   7
 20   8
 20   9
 20   11
 20   12
 20   15
 20   16
 20   18
 20   19
