https://powcoder.com
代写代考加微信 powcoder
Assignment Project Exam Help
Add WeChat powcoder
https://powcoder.com
代写代考加微信 powcoder
Assignment Project Exam Help
Add WeChat powcoder
 1   2
 1   3
 1   4
 1   5
 1   8
 1   14
 1   15
 1   17
 2   1
 2   3
 2   4
 2   5
 2   8
 2   10
 2   14
 2   15
 3   1
 3   2
 3   4
 3   5
 3   8
 3   14
 3   16
 3   17
 3   19
 4   1
 4   2
 4   3
 4   5
 4   8
 4   14
 4   15
 4   19
 5   1
 5   2
 5   3
 5   4
 5   8
 5   14
 5   15
 5   17
 5   19
 6   7
 6   9
 6   10
 6   11
 6   12
 6   13
 6   16
 6   18
 6   20
 7   6
 7   9
 7   10
 7   12
 7   13
 7   15
 7   16
 7   18
 7   20
 8   1
 8   2
 8   3
 8   4
 8   5
 8   13
 8   14
 8   15
 8   17
 8   19
 9   6
 9   7
 9   10
 9   11
 9   12
 9   13
 9   14
 9   16
 9   18
 9   20
 10   2
 10   6
 10   7
 10   9
 10   11
 10   12
 10   13
 10   16
 10   18
 10   20
 11   6
 11   9
 11   10
 11   12
 11   13
 11   16
 11   18
 11   20
 12   6
 12   7
 12   9
 12   10
 12   11
 12   13
 12   16
 12   18
 12   20
 13   6
 13   7
 13   8
 13   9
 13   10
 13   11
 13   12
 13   16
 13   18
 13   20
 14   1
 14   2
 14   3
 14   4
 14   5
 14   8
 14   9
 14   15
 14   17
 14   19
 15   1
 15   2
 15   4
 15   5
 15   7
 15   8
 15   14
 15   17
 15   19
 16   3
 16   6
 16   7
 16   9
 16   10
 16   11
 16   12
 16   13
 16   18
 16   20
 17   1
 17   3
 17   5
 17   8
 17   14
 17   15
 17   19
 17   20
 18   6
 18   7
 18   9
 18   10
 18   11
 18   12
 18   13
 18   16
 18   20
 19   3
 19   4
 19   5
 19   8
 19   14
 19   15
 19   17
 20   6
 20   7
 20   9
 20   10
 20   11
 20   12
 20   13
 20   16
 20   17
 20   18
