https://powcoder.com
代写代考加微信 powcoder
Assignment Project Exam Help
Add WeChat powcoder
https://powcoder.com
代写代考加微信 powcoder
Assignment Project Exam Help
Add WeChat powcoder
 1   3
 1   4
 1   5
 1   6
 1   8
 1   11
 1   13
 1   17
 1   18
 1   19
 2   7
 2   9
 2   10
 2   12
 2   14
 2   15
 2   16
 2   20
 3   1
 3   4
 3   5
 3   11
 3   13
 3   17
 3   18
 3   19
 4   1
 4   3
 4   5
 4   8
 4   10
 4   11
 4   13
 4   17
 4   18
 4   20
 5   1
 5   3
 5   4
 5   8
 5   11
 5   13
 5   14
 5   17
 5   18
 5   19
 6   1
 6   7
 6   9
 6   12
 6   14
 6   15
 6   16
 6   20
 7   2
 7   6
 7   9
 7   10
 7   14
 7   16
 7   20
 8   1
 8   4
 8   5
 8   11
 8   13
 8   17
 8   18
 8   19
 9   2
 9   6
 9   7
 9   10
 9   12
 9   13
 9   14
 9   15
 9   16
 9   20
 10   2
 10   4
 10   7
 10   9
 10   12
 10   14
 10   15
 10   20
 11   1
 11   3
 11   4
 11   5
 11   8
 11   13
 11   16
 11   18
 11   19
 12   2
 12   6
 12   9
 12   10
 12   14
 12   15
 12   16
 13   1
 13   3
 13   4
 13   5
 13   8
 13   9
 13   11
 13   17
 13   18
 13   19
 14   2
 14   5
 14   6
 14   7
 14   9
 14   10
 14   12
 14   20
 15   2
 15   6
 15   9
 15   10
 15   12
 15   16
 15   17
 16   2
 16   6
 16   7
 16   9
 16   11
 16   12
 16   15
 16   18
 16   20
 17   1
 17   3
 17   4
 17   5
 17   8
 17   13
 17   15
 17   19
 18   1
 18   3
 18   4
 18   5
 18   8
 18   11
 18   13
 18   16
 18   19
 19   1
 19   3
 19   5
 19   8
 19   11
 19   13
 19   17
 19   18
 20   2
 20   4
 20   6
 20   7
 20   9
 20   10
 20   14
 20   16
