https://powcoder.com
代写代考加微信 powcoder
Assignment Project Exam Help
Add WeChat powcoder
https://powcoder.com
代写代考加微信 powcoder
Assignment Project Exam Help
Add WeChat powcoder
 1   2
 1   3
 1   4
 1   9
 1   12
 1   15
 1   16
 1   18
 2   1
 2   3
 2   4
 2   9
 2   11
 2   12
 2   15
 2   16
 2   17
 2   18
 3   1
 3   2
 3   4
 3   9
 3   11
 3   12
 3   16
 3   18
 4   1
 4   2
 4   3
 4   8
 4   9
 4   11
 4   12
 4   15
 4   16
 4   18
 5   6
 5   7
 5   8
 5   13
 5   14
 5   19
 5   20
 6   5
 6   7
 6   8
 6   14
 6   17
 6   20
 7   5
 7   6
 7   8
 7   10
 7   13
 7   17
 7   19
 7   20
 8   4
 8   5
 8   6
 8   7
 8   10
 8   13
 8   14
 8   17
 8   19
 8   20
 9   1
 9   2
 9   3
 9   4
 9   11
 9   12
 9   15
 9   16
 9   18
 10   7
 10   8
 10   13
 10   14
 10   17
 10   19
 10   20
 11   2
 11   3
 11   4
 11   9
 11   12
 11   15
 11   16
 11   18
 12   1
 12   2
 12   3
 12   4
 12   9
 12   11
 12   18
 12   19
 13   5
 13   7
 13   8
 13   10
 13   14
 13   17
 13   20
 14   5
 14   6
 14   8
 14   10
 14   13
 14   17
 14   18
 14   19
 14   20
 15   1
 15   2
 15   4
 15   9
 15   11
 15   16
 15   18
 16   1
 16   2
 16   3
 16   4
 16   9
 16   11
 16   15
 16   17
 16   18
 17   2
 17   6
 17   7
 17   8
 17   10
 17   13
 17   14
 17   16
 17   19
 17   20
 18   1
 18   2
 18   3
 18   4
 18   9
 18   11
 18   12
 18   14
 18   15
 18   16
 18   20
 19   5
 19   7
 19   8
 19   10
 19   12
 19   14
 19   17
 19   20
 20   5
 20   6
 20   7
 20   8
 20   10
 20   13
 20   14
 20   17
 20   18
 20   19
