https://powcoder.com
代写代考加微信 powcoder
Assignment Project Exam Help
Add WeChat powcoder
https://powcoder.com
代写代考加微信 powcoder
Assignment Project Exam Help
Add WeChat powcoder
 1   3
 1   4
 1   6
 1   9
 1   11
 1   12
 1   13
 1   16
 1   19
 2   5
 2   8
 2   9
 2   14
 2   15
 2   17
 2   18
 2   19
 2   20
 3   1
 3   4
 3   6
 3   10
 3   11
 3   12
 3   13
 3   16
 3   19
 4   1
 4   3
 4   10
 4   12
 4   13
 4   16
 4   18
 5   2
 5   7
 5   8
 5   9
 5   14
 5   15
 5   17
 5   18
 5   20
 6   1
 6   3
 6   10
 6   11
 6   12
 6   13
 6   16
 6   19
 7   5
 7   8
 7   9
 7   14
 7   15
 7   17
 7   18
 7   19
 7   20
 8   2
 8   5
 8   7
 8   9
 8   14
 8   15
 8   17
 8   18
 8   20
 9   1
 9   2
 9   5
 9   7
 9   8
 9   10
 9   13
 9   14
 9   15
 9   17
 9   18
 9   20
 10   3
 10   4
 10   6
 10   9
 10   11
 10   12
 10   13
 10   16
 11   1
 11   3
 11   6
 11   10
 11   12
 11   13
 11   16
 11   19
 12   1
 12   3
 12   4
 12   6
 12   10
 12   11
 12   13
 12   16
 12   19
 13   1
 13   3
 13   4
 13   6
 13   9
 13   10
 13   11
 13   12
 13   16
 13   19
 14   2
 14   5
 14   7
 14   8
 14   9
 14   15
 14   17
 14   18
 14   19
 14   20
 15   2
 15   5
 15   7
 15   8
 15   9
 15   14
 15   17
 15   20
 16   1
 16   3
 16   4
 16   6
 16   10
 16   11
 16   12
 16   13
 16   19
 16   20
 17   2
 17   5
 17   7
 17   8
 17   9
 17   14
 17   15
 17   20
 18   2
 18   4
 18   5
 18   7
 18   8
 18   9
 18   14
 18   20
 19   1
 19   2
 19   3
 19   6
 19   7
 19   11
 19   12
 19   13
 19   14
 19   16
 20   2
 20   5
 20   7
 20   8
 20   9
 20   14
 20   15
 20   16
 20   17
 20   18
