https://powcoder.com
代写代考加微信 powcoder
Assignment Project Exam Help
Add WeChat powcoder
https://powcoder.com
代写代考加微信 powcoder
Assignment Project Exam Help
Add WeChat powcoder
 1   2
 1   5
 1   8
 1   10
 1   14
 1   18
 1   19
 1   20
 2   1
 2   5
 2   8
 2   10
 2   14
 2   16
 2   18
 2   19
 2   20
 3   7
 3   9
 3   12
 3   13
 3   15
 3   17
 4   6
 4   7
 4   9
 4   11
 4   12
 4   13
 4   17
 5   1
 5   2
 5   8
 5   10
 5   14
 5   16
 5   18
 5   19
 5   20
 6   4
 6   7
 6   11
 6   12
 6   13
 6   15
 6   17
 7   3
 7   4
 7   6
 7   11
 7   12
 7   13
 7   15
 7   17
 8   1
 8   2
 8   5
 8   10
 8   14
 8   16
 8   18
 8   19
 8   20
 9   3
 9   4
 9   11
 9   12
 9   13
 9   15
 9   17
 9   20
 10   1
 10   2
 10   5
 10   8
 10   14
 10   16
 10   18
 10   19
 10   20
 11   4
 11   6
 11   7
 11   9
 11   12
 11   13
 11   14
 11   17
 11   19
 12   3
 12   4
 12   6
 12   7
 12   9
 12   11
 12   13
 12   14
 12   15
 12   17
 13   3
 13   4
 13   6
 13   7
 13   9
 13   11
 13   12
 13   15
 13   17
 14   1
 14   2
 14   5
 14   8
 14   10
 14   11
 14   12
 14   16
 14   18
 14   19
 14   20
 15   3
 15   6
 15   7
 15   9
 15   12
 15   13
 15   17
 16   2
 16   5
 16   8
 16   10
 16   14
 16   17
 16   19
 16   20
 17   3
 17   4
 17   6
 17   7
 17   9
 17   11
 17   12
 17   13
 17   15
 17   16
 17   20
 18   1
 18   2
 18   5
 18   8
 18   10
 18   14
 18   19
 18   20
 19   1
 19   2
 19   5
 19   8
 19   10
 19   11
 19   14
 19   16
 19   18
 19   20
 20   1
 20   2
 20   5
 20   8
 20   9
 20   10
 20   14
 20   16
 20   17
 20   18
 20   19
