https://powcoder.com
代写代考加微信 powcoder
Assignment Project Exam Help
Add WeChat powcoder
https://powcoder.com
代写代考加微信 powcoder
Assignment Project Exam Help
Add WeChat powcoder
 1   2
 1   4
 1   7
 1   9
 1   12
 1   14
 1   16
 1   18
 1   19
 1   20
 2   1
 2   4
 2   7
 2   9
 2   10
 2   12
 2   16
 2   18
 2   19
 2   20
 3   5
 3   6
 3   8
 3   10
 3   11
 3   13
 3   14
 3   15
 3   17
 3   19
 4   1
 4   2
 4   7
 4   9
 4   12
 4   16
 4   18
 4   19
 4   20
 5   3
 5   6
 5   8
 5   11
 5   13
 5   14
 5   15
 5   17
 5   18
 6   3
 6   5
 6   8
 6   10
 6   12
 6   13
 6   14
 6   15
 6   17
 7   1
 7   2
 7   4
 7   9
 7   12
 7   16
 7   18
 7   19
 8   3
 8   5
 8   6
 8   11
 8   12
 8   13
 8   14
 8   17
 9   1
 9   2
 9   4
 9   7
 9   12
 9   16
 9   18
 9   19
 9   20
 10   2
 10   3
 10   6
 10   11
 10   13
 10   14
 10   15
 10   17
 10   20
 11   3
 11   5
 11   8
 11   10
 11   13
 11   14
 11   15
 11   17
 12   1
 12   2
 12   4
 12   6
 12   7
 12   8
 12   9
 12   16
 12   18
 12   19
 12   20
 13   3
 13   5
 13   6
 13   8
 13   10
 13   11
 13   14
 13   15
 13   16
 14   1
 14   3
 14   5
 14   6
 14   8
 14   10
 14   11
 14   13
 14   15
 14   17
 15   3
 15   5
 15   6
 15   10
 15   11
 15   13
 15   14
 15   17
 16   1
 16   2
 16   4
 16   7
 16   9
 16   12
 16   13
 16   18
 16   19
 16   20
 17   3
 17   5
 17   6
 17   8
 17   10
 17   11
 17   14
 17   15
 18   1
 18   2
 18   4
 18   5
 18   7
 18   9
 18   12
 18   16
 18   19
 18   20
 19   1
 19   2
 19   3
 19   4
 19   7
 19   9
 19   12
 19   16
 19   18
 19   20
 20   1
 20   2
 20   4
 20   9
 20   10
 20   12
 20   16
 20   18
 20   19
