https://powcoder.com
代写代考加微信 powcoder
Assignment Project Exam Help
Add WeChat powcoder
https://powcoder.com
代写代考加微信 powcoder
Assignment Project Exam Help
Add WeChat powcoder
 1   3
 1   4
 1   6
 1   8
 1   11
 1   14
 1   15
 1   16
 1   17
 2   3
 2   4
 2   14
 2   15
 2   17
 3   1
 3   2
 3   4
 3   5
 3   6
 3   8
 3   14
 3   15
 3   16
 3   17
 4   1
 4   2
 4   3
 4   6
 4   14
 4   16
 4   17
 5   3
 5   7
 5   9
 5   10
 5   11
 5   12
 5   13
 5   18
 5   19
 5   20
 6   1
 6   3
 6   4
 6   8
 6   13
 6   15
 6   16
 6   17
 7   5
 7   9
 7   10
 7   11
 7   12
 7   13
 7   14
 7   18
 7   19
 7   20
 8   1
 8   3
 8   6
 8   14
 8   15
 8   17
 9   5
 9   7
 9   10
 9   11
 9   12
 9   13
 9   18
 9   19
 9   20
 10   5
 10   7
 10   9
 10   11
 10   12
 10   13
 10   18
 10   19
 10   20
 11   1
 11   5
 11   7
 11   9
 11   10
 11   13
 11   18
 11   19
 11   20
 12   5
 12   7
 12   9
 12   10
 12   13
 12   14
 12   18
 12   19
 12   20
 13   5
 13   6
 13   7
 13   9
 13   10
 13   11
 13   12
 13   15
 13   18
 13   19
 13   20
 14   1
 14   2
 14   3
 14   4
 14   7
 14   8
 14   12
 14   15
 14   16
 14   17
 15   1
 15   2
 15   3
 15   6
 15   8
 15   13
 15   14
 15   16
 15   17
 16   1
 16   3
 16   4
 16   6
 16   14
 16   15
 16   17
 17   1
 17   2
 17   3
 17   4
 17   6
 17   8
 17   14
 17   15
 17   16
 18   5
 18   7
 18   9
 18   10
 18   11
 18   12
 18   13
 18   19
 18   20
 19   5
 19   7
 19   9
 19   10
 19   11
 19   12
 19   13
 19   18
 19   20
 20   5
 20   7
 20   9
 20   10
 20   11
 20   12
 20   13
 20   18
 20   19
