https://powcoder.com
代写代考加微信 powcoder
Assignment Project Exam Help
Add WeChat powcoder
https://powcoder.com
代写代考加微信 powcoder
Assignment Project Exam Help
Add WeChat powcoder
 1   4
 1   5
 1   6
 1   7
 1   8
 1   10
 1   13
 1   15
 1   18
 2   3
 2   4
 2   8
 2   9
 2   11
 2   12
 2   13
 2   16
 2   17
 2   19
 2   20
 3   2
 3   8
 3   9
 3   11
 3   12
 3   17
 3   19
 3   20
 4   1
 4   2
 4   6
 4   7
 4   10
 4   14
 4   15
 4   18
 5   1
 5   6
 5   7
 5   13
 5   14
 5   15
 5   18
 6   1
 6   4
 6   5
 6   7
 6   13
 6   14
 6   18
 7   1
 7   4
 7   5
 7   6
 7   10
 7   11
 7   13
 7   14
 7   15
 7   18
 8   1
 8   2
 8   3
 8   11
 8   12
 8   17
 8   19
 8   20
 9   2
 9   3
 9   11
 9   12
 9   16
 9   18
 9   19
 9   20
 10   1
 10   4
 10   7
 10   14
 10   15
 10   18
 11   2
 11   3
 11   7
 11   8
 11   9
 11   12
 11   16
 11   17
 11   19
 11   20
 12   2
 12   3
 12   8
 12   9
 12   11
 12   16
 12   17
 12   19
 12   20
 13   1
 13   2
 13   5
 13   6
 13   7
 13   14
 13   15
 13   20
 14   4
 14   5
 14   6
 14   7
 14   10
 14   13
 14   15
 14   18
 14   19
 15   1
 15   4
 15   5
 15   7
 15   10
 15   13
 15   14
 15   18
 16   2
 16   9
 16   11
 16   12
 16   19
 16   20
 17   2
 17   3
 17   8
 17   11
 17   12
 17   19
 17   20
 18   1
 18   4
 18   5
 18   6
 18   7
 18   9
 18   10
 18   14
 18   15
 18   19
 19   2
 19   3
 19   8
 19   9
 19   11
 19   12
 19   14
 19   16
 19   17
 19   18
 19   20
 20   2
 20   3
 20   8
 20   9
 20   11
 20   12
 20   13
 20   16
 20   17
 20   19
