https://powcoder.com
代写代考加微信 powcoder
Assignment Project Exam Help
Add WeChat powcoder
https://powcoder.com
代写代考加微信 powcoder
Assignment Project Exam Help
Add WeChat powcoder
 1   2
 1   3
 1   6
 1   8
 1   9
 1   11
 1   13
 1   18
 1   19
 2   1
 2   3
 2   8
 2   9
 2   11
 2   13
 2   14
 2   17
 2   18
 2   19
 3   1
 3   2
 3   8
 3   9
 3   11
 3   13
 3   18
 3   19
 4   5
 4   7
 4   10
 4   12
 4   14
 4   15
 4   16
 4   17
 4   20
 5   4
 5   7
 5   10
 5   12
 5   15
 5   16
 5   17
 5   20
 6   1
 6   8
 6   9
 6   10
 6   11
 6   13
 6   16
 6   18
 7   4
 7   5
 7   10
 7   12
 7   14
 7   15
 7   16
 7   17
 7   20
 8   1
 8   2
 8   3
 8   6
 8   9
 8   11
 8   13
 8   14
 8   18
 8   19
 8   20
 9   1
 9   2
 9   3
 9   6
 9   8
 9   11
 9   13
 9   18
 9   19
 10   4
 10   5
 10   6
 10   7
 10   11
 10   12
 10   14
 10   15
 10   16
 10   17
 10   20
 11   1
 11   2
 11   3
 11   6
 11   8
 11   9
 11   10
 11   13
 11   18
 11   19
 12   4
 12   5
 12   7
 12   10
 12   14
 12   15
 12   16
 12   20
 13   1
 13   2
 13   3
 13   6
 13   8
 13   9
 13   11
 13   18
 13   19
 14   2
 14   4
 14   7
 14   8
 14   10
 14   12
 14   15
 14   16
 14   17
 14   20
 15   4
 15   5
 15   7
 15   10
 15   12
 15   14
 15   16
 15   17
 15   20
 16   4
 16   5
 16   6
 16   7
 16   10
 16   12
 16   14
 16   15
 16   17
 16   18
 16   20
 17   2
 17   4
 17   5
 17   7
 17   10
 17   14
 17   15
 17   16
 17   20
 18   1
 18   2
 18   3
 18   6
 18   8
 18   9
 18   11
 18   13
 18   16
 18   19
 19   1
 19   2
 19   3
 19   8
 19   9
 19   11
 19   13
 19   18
 20   4
 20   5
 20   7
 20   8
 20   10
 20   12
 20   14
 20   15
 20   16
 20   17
