https://powcoder.com
代写代考加微信 powcoder
Assignment Project Exam Help
Add WeChat powcoder
https://powcoder.com
代写代考加微信 powcoder
Assignment Project Exam Help
Add WeChat powcoder
 1   3
 1   5
 1   9
 1   10
 1   11
 1   12
 1   15
 1   19
 1   20
 2   4
 2   6
 2   7
 2   8
 2   13
 2   14
 2   16
 2   17
 2   18
 3   1
 3   5
 3   6
 3   9
 3   10
 3   11
 3   12
 3   15
 3   19
 3   20
 4   2
 4   6
 4   7
 4   8
 4   13
 4   14
 4   16
 4   17
 4   18
 5   1
 5   3
 5   9
 5   10
 5   12
 5   15
 5   19
 5   20
 6   2
 6   3
 6   4
 6   7
 6   8
 6   12
 6   14
 6   16
 6   17
 6   18
 7   2
 7   4
 7   6
 7   8
 7   11
 7   12
 7   13
 7   14
 7   16
 7   17
 7   18
 8   2
 8   4
 8   6
 8   7
 8   13
 8   14
 8   16
 8   17
 8   18
 9   1
 9   3
 9   5
 9   10
 9   11
 9   12
 9   15
 9   16
 9   17
 9   19
 9   20
 10   1
 10   3
 10   5
 10   9
 10   12
 10   15
 10   19
 10   20
 11   1
 11   3
 11   7
 11   9
 11   12
 11   15
 11   19
 11   20
 12   1
 12   3
 12   5
 12   6
 12   7
 12   9
 12   10
 12   11
 12   15
 12   20
 13   2
 13   4
 13   7
 13   8
 13   14
 13   16
 13   17
 13   18
 13   20
 14   2
 14   4
 14   6
 14   7
 14   8
 14   13
 14   16
 14   17
 15   1
 15   3
 15   5
 15   9
 15   10
 15   11
 15   12
 15   19
 15   20
 16   2
 16   4
 16   6
 16   7
 16   8
 16   9
 16   13
 16   14
 16   17
 16   18
 16   20
 17   2
 17   4
 17   6
 17   7
 17   8
 17   9
 17   13
 17   14
 17   16
 17   18
 18   2
 18   4
 18   6
 18   7
 18   8
 18   13
 18   16
 18   17
 19   1
 19   3
 19   5
 19   9
 19   10
 19   11
 19   15
 19   20
 20   1
 20   3
 20   5
 20   9
 20   10
 20   11
 20   12
 20   13
 20   15
 20   16
 20   19
