https://powcoder.com
代写代考加微信 powcoder
Assignment Project Exam Help
Add WeChat powcoder
https://powcoder.com
代写代考加微信 powcoder
Assignment Project Exam Help
Add WeChat powcoder
 1   4
 1   5
 1   6
 1   8
 1   11
 1   14
 1   15
 1   16
 1   18
 1   19
 2   3
 2   9
 2   10
 2   12
 2   13
 2   15
 2   17
 2   18
 2   20
 3   2
 3   6
 3   7
 3   9
 3   10
 3   12
 3   13
 3   17
 3   20
 4   1
 4   5
 4   6
 4   8
 4   9
 4   11
 4   14
 4   15
 4   16
 4   19
 5   1
 5   4
 5   6
 5   8
 5   10
 5   11
 5   14
 5   15
 5   16
 5   17
 5   19
 6   1
 6   3
 6   4
 6   5
 6   8
 6   11
 6   14
 6   15
 6   16
 6   19
 7   3
 7   9
 7   10
 7   12
 7   13
 7   17
 7   18
 7   20
 8   1
 8   4
 8   5
 8   6
 8   13
 8   14
 8   15
 8   16
 8   19
 9   2
 9   3
 9   4
 9   7
 9   10
 9   12
 9   13
 9   17
 9   18
 9   20
 10   2
 10   3
 10   5
 10   7
 10   9
 10   12
 10   13
 10   17
 10   18
 10   20
 11   1
 11   4
 11   5
 11   6
 11   14
 11   15
 11   16
 11   19
 12   2
 12   3
 12   7
 12   9
 12   10
 12   13
 12   18
 12   20
 13   2
 13   3
 13   7
 13   8
 13   9
 13   10
 13   12
 13   17
 13   18
 13   20
 14   1
 14   4
 14   5
 14   6
 14   8
 14   11
 14   15
 14   16
 14   19
 15   1
 15   2
 15   4
 15   5
 15   6
 15   8
 15   11
 15   14
 15   16
 15   19
 16   1
 16   4
 16   5
 16   6
 16   8
 16   11
 16   14
 16   15
 16   19
 17   2
 17   3
 17   5
 17   7
 17   9
 17   10
 17   13
 17   18
 17   20
 18   1
 18   2
 18   7
 18   9
 18   10
 18   12
 18   13
 18   17
 18   19
 18   20
 19   1
 19   4
 19   5
 19   6
 19   8
 19   11
 19   14
 19   15
 19   16
 19   18
 20   2
 20   3
 20   7
 20   9
 20   10
 20   12
 20   13
 20   17
 20   18
