https://powcoder.com
代写代考加微信 powcoder
Assignment Project Exam Help
Add WeChat powcoder
https://powcoder.com
代写代考加微信 powcoder
Assignment Project Exam Help
Add WeChat powcoder
 1   2
 1   4
 1   5
 1   6
 1   7
 1   8
 1   9
 1   10
 1   15
 1   18
 1   20
 2   1
 2   3
 2   11
 2   12
 2   13
 2   14
 2   16
 2   17
 2   19
 3   2
 3   5
 3   8
 3   10
 3   11
 3   12
 3   13
 3   14
 3   16
 3   19
 4   1
 4   5
 4   6
 4   7
 4   9
 4   10
 4   15
 4   18
 4   20
 5   1
 5   3
 5   4
 5   6
 5   7
 5   9
 5   10
 5   15
 5   18
 5   20
 6   1
 6   4
 6   5
 6   7
 6   9
 6   10
 6   14
 6   15
 6   18
 6   20
 7   1
 7   4
 7   5
 7   6
 7   9
 7   10
 7   15
 7   18
 7   20
 8   1
 8   3
 8   11
 8   12
 8   13
 8   17
 8   19
 9   1
 9   4
 9   5
 9   6
 9   7
 9   10
 9   11
 9   15
 9   19
 9   20
 10   1
 10   3
 10   4
 10   5
 10   6
 10   7
 10   9
 10   18
 10   20
 11   2
 11   3
 11   8
 11   9
 11   12
 11   13
 11   14
 11   16
 11   17
 11   19
 12   2
 12   3
 12   8
 12   11
 12   13
 12   14
 12   16
 12   17
 12   19
 13   2
 13   3
 13   8
 13   11
 13   12
 13   14
 13   16
 13   17
 14   2
 14   3
 14   6
 14   11
 14   12
 14   13
 14   15
 14   16
 14   17
 14   19
 15   1
 15   4
 15   5
 15   6
 15   7
 15   9
 15   14
 15   18
 15   20
 16   2
 16   3
 16   11
 16   12
 16   13
 16   14
 16   19
 17   2
 17   8
 17   11
 17   12
 17   13
 17   14
 17   19
 18   1
 18   4
 18   5
 18   6
 18   7
 18   10
 18   15
 18   20
 19   2
 19   3
 19   8
 19   9
 19   11
 19   12
 19   14
 19   16
 19   17
 20   1
 20   4
 20   5
 20   6
 20   7
 20   9
 20   10
 20   15
 20   18
