https://powcoder.com
代写代考加微信 powcoder
Assignment Project Exam Help
Add WeChat powcoder
https://powcoder.com
代写代考加微信 powcoder
Assignment Project Exam Help
Add WeChat powcoder
 1   4
 1   6
 1   7
 1   8
 1   10
 1   15
 1   17
 1   18
 1   20
 2   3
 2   5
 2   9
 2   11
 2   12
 2   13
 2   14
 2   16
 2   19
 3   2
 3   5
 3   9
 3   10
 3   11
 3   12
 3   13
 3   14
 3   16
 3   19
 4   1
 4   6
 4   8
 4   10
 4   17
 4   18
 5   2
 5   3
 5   9
 5   11
 5   12
 5   13
 5   14
 5   16
 5   19
 6   1
 6   4
 6   7
 6   8
 6   10
 6   15
 6   17
 6   18
 6   20
 7   1
 7   6
 7   8
 7   10
 7   15
 7   17
 7   18
 7   20
 8   1
 8   4
 8   6
 8   7
 8   10
 8   12
 8   15
 8   17
 8   18
 8   20
 9   2
 9   3
 9   5
 9   11
 9   12
 9   14
 9   19
 10   1
 10   3
 10   4
 10   6
 10   7
 10   8
 10   15
 10   16
 10   17
 10   18
 10   20
 11   2
 11   3
 11   5
 11   9
 11   12
 11   13
 11   14
 11   16
 11   19
 12   2
 12   3
 12   5
 12   8
 12   9
 12   11
 12   13
 12   14
 12   16
 12   17
 12   19
 13   2
 13   3
 13   5
 13   11
 13   12
 13   14
 13   16
 13   19
 14   2
 14   3
 14   5
 14   9
 14   11
 14   12
 14   13
 14   16
 14   19
 15   1
 15   6
 15   7
 15   8
 15   10
 15   17
 15   18
 15   20
 16   2
 16   3
 16   5
 16   10
 16   11
 16   12
 16   13
 16   14
 16   19
 17   1
 17   4
 17   6
 17   7
 17   8
 17   10
 17   12
 17   15
 17   18
 17   20
 18   1
 18   4
 18   6
 18   7
 18   8
 18   10
 18   15
 18   17
 18   20
 19   2
 19   3
 19   5
 19   9
 19   11
 19   12
 19   13
 19   14
 19   16
 20   1
 20   6
 20   7
 20   8
 20   10
 20   15
 20   17
 20   18
