https://powcoder.com
代写代考加微信 powcoder
Assignment Project Exam Help
Add WeChat powcoder
https://powcoder.com
代写代考加微信 powcoder
Assignment Project Exam Help
Add WeChat powcoder
 1   3
 1   4
 1   5
 1   6
 1   7
 1   11
 1   13
 1   15
 1   16
 1   20
 2   3
 2   4
 2   8
 2   9
 2   10
 2   14
 2   17
 2   18
 3   1
 3   2
 3   4
 3   9
 3   10
 3   12
 3   13
 3   17
 3   18
 4   1
 4   2
 4   3
 4   8
 4   9
 4   10
 4   12
 4   14
 4   17
 4   18
 5   1
 5   6
 5   7
 5   11
 5   13
 5   14
 5   15
 5   16
 5   19
 5   20
 6   1
 6   5
 6   7
 6   11
 6   13
 6   15
 6   16
 6   19
 6   20
 7   1
 7   5
 7   6
 7   10
 7   11
 7   13
 7   15
 7   16
 7   19
 7   20
 8   2
 8   4
 8   9
 8   10
 8   12
 8   14
 8   17
 8   18
 9   2
 9   3
 9   4
 9   8
 9   10
 9   12
 9   13
 9   14
 9   17
 9   18
 10   2
 10   3
 10   4
 10   7
 10   8
 10   9
 10   12
 10   14
 10   16
 10   18
 11   1
 11   5
 11   6
 11   7
 11   13
 11   15
 11   16
 11   20
 12   3
 12   4
 12   8
 12   9
 12   10
 12   14
 12   17
 12   18
 13   1
 13   3
 13   5
 13   6
 13   7
 13   9
 13   11
 13   15
 13   16
 13   19
 13   20
 14   2
 14   4
 14   5
 14   8
 14   9
 14   10
 14   12
 14   16
 14   17
 14   18
 15   1
 15   5
 15   6
 15   7
 15   11
 15   13
 15   16
 15   19
 15   20
 16   1
 16   5
 16   6
 16   7
 16   10
 16   11
 16   13
 16   14
 16   15
 16   19
 16   20
 17   2
 17   3
 17   4
 17   8
 17   9
 17   12
 17   14
 17   18
 18   2
 18   3
 18   4
 18   8
 18   9
 18   10
 18   12
 18   14
 18   17
 19   5
 19   6
 19   7
 19   13
 19   15
 19   16
 19   20
 20   1
 20   5
 20   6
 20   7
 20   11
 20   13
 20   15
 20   16
 20   19
