https://powcoder.com
代写代考加微信 powcoder
Assignment Project Exam Help
Add WeChat powcoder
https://powcoder.com
代写代考加微信 powcoder
Assignment Project Exam Help
Add WeChat powcoder
 1   2
 1   5
 1   6
 1   14
 1   17
 1   19
 1   20
 2   1
 2   4
 2   6
 2   10
 2   14
 2   15
 2   17
 2   19
 2   20
 3   5
 3   7
 3   8
 3   9
 3   11
 3   12
 3   13
 3   16
 3   17
 3   18
 4   2
 4   6
 4   14
 4   15
 4   17
 4   19
 4   20
 5   1
 5   3
 5   7
 5   8
 5   9
 5   11
 5   12
 5   13
 5   16
 6   1
 6   2
 6   4
 6   10
 6   14
 6   17
 6   19
 6   20
 7   3
 7   5
 7   8
 7   9
 7   11
 7   12
 7   13
 7   14
 7   15
 7   16
 7   18
 7   19
 8   3
 8   5
 8   7
 8   11
 8   12
 8   13
 8   16
 8   18
 9   3
 9   5
 9   7
 9   11
 9   12
 9   13
 9   16
 9   18
 10   2
 10   6
 10   14
 10   17
 10   19
 10   20
 11   3
 11   5
 11   7
 11   8
 11   9
 11   12
 11   13
 11   16
 11   17
 11   18
 12   3
 12   5
 12   7
 12   8
 12   9
 12   11
 12   13
 12   16
 12   18
 12   20
 13   3
 13   5
 13   7
 13   8
 13   9
 13   11
 13   12
 13   16
 13   17
 13   18
 14   1
 14   2
 14   4
 14   6
 14   7
 14   10
 14   15
 14   17
 14   19
 14   20
 15   2
 15   4
 15   7
 15   14
 15   17
 15   19
 16   3
 16   5
 16   7
 16   8
 16   9
 16   11
 16   12
 16   13
 17   1
 17   2
 17   3
 17   4
 17   6
 17   10
 17   11
 17   13
 17   14
 17   15
 17   19
 17   20
 18   3
 18   7
 18   8
 18   9
 18   11
 18   12
 18   13
 19   1
 19   2
 19   4
 19   6
 19   7
 19   10
 19   14
 19   15
 19   17
 19   20
 20   1
 20   2
 20   4
 20   6
 20   10
 20   12
 20   14
 20   17
 20   19
