https://powcoder.com
代写代考加微信 powcoder
Assignment Project Exam Help
Add WeChat powcoder
https://powcoder.com
代写代考加微信 powcoder
Assignment Project Exam Help
Add WeChat powcoder
 1   3
 1   4
 1   5
 1   6
 1   7
 1   10
 1   16
 1   20
 2   9
 2   11
 2   13
 2   14
 2   15
 2   17
 2   18
 2   19
 3   1
 3   4
 3   5
 3   6
 3   7
 3   8
 3   10
 3   11
 3   15
 3   16
 3   20
 4   1
 4   3
 4   5
 4   6
 4   7
 4   8
 4   10
 4   13
 4   16
 4   19
 4   20
 5   1
 5   3
 5   4
 5   7
 5   8
 5   10
 5   11
 5   16
 5   20
 6   1
 6   3
 6   4
 6   7
 6   8
 6   10
 6   15
 6   16
 6   20
 7   1
 7   3
 7   4
 7   5
 7   6
 7   8
 7   10
 7   16
 7   20
 8   3
 8   4
 8   5
 8   6
 8   7
 8   10
 8   16
 8   20
 9   2
 9   11
 9   12
 9   13
 9   14
 9   15
 9   17
 9   18
 9   19
 10   1
 10   3
 10   4
 10   5
 10   6
 10   7
 10   8
 10   16
 10   20
 11   2
 11   3
 11   5
 11   9
 11   12
 11   13
 11   14
 11   15
 11   17
 11   18
 11   19
 12   9
 12   11
 12   14
 12   15
 12   17
 12   18
 12   19
 13   2
 13   4
 13   9
 13   11
 13   14
 13   15
 13   17
 13   18
 13   19
 14   2
 14   9
 14   11
 14   12
 14   13
 14   15
 14   17
 14   18
 14   19
 15   2
 15   3
 15   6
 15   9
 15   11
 15   12
 15   13
 15   14
 15   17
 15   18
 15   19
 16   1
 16   3
 16   4
 16   5
 16   6
 16   7
 16   8
 16   10
 16   20
 17   2
 17   9
 17   11
 17   12
 17   13
 17   14
 17   15
 17   18
 17   19
 17   20
 18   2
 18   9
 18   11
 18   12
 18   13
 18   14
 18   15
 18   17
 18   19
 19   2
 19   4
 19   9
 19   11
 19   12
 19   13
 19   14
 19   15
 19   17
 19   18
 19   20
 20   1
 20   3
 20   4
 20   5
 20   6
 20   7
 20   8
 20   10
 20   16
 20   17
 20   19
