https://powcoder.com
代写代考加微信 powcoder
Assignment Project Exam Help
Add WeChat powcoder
https://powcoder.com
代写代考加微信 powcoder
Assignment Project Exam Help
Add WeChat powcoder
 1   8
 1   10
 1   11
 1   13
 1   16
 1   18
 1   19
 2   3
 2   4
 2   6
 2   8
 2   12
 2   14
 2   15
 2   17
 2   20
 3   2
 3   4
 3   6
 3   7
 3   12
 3   14
 3   15
 3   17
 3   20
 4   2
 4   3
 4   6
 4   12
 4   14
 4   16
 4   17
 4   19
 4   20
 5   8
 5   9
 5   12
 5   13
 5   16
 5   18
 5   19
 6   2
 6   3
 6   4
 6   7
 6   12
 6   14
 6   15
 6   17
 6   20
 7   3
 7   6
 7   12
 7   14
 7   17
 7   20
 8   1
 8   2
 8   5
 8   9
 8   10
 8   11
 8   13
 8   14
 8   16
 8   18
 8   19
 9   5
 9   8
 9   10
 9   11
 9   16
 9   18
 9   19
 10   1
 10   8
 10   9
 10   11
 10   13
 10   16
 10   17
 10   20
 11   1
 11   8
 11   9
 11   10
 11   13
 11   16
 11   18
 11   19
 12   2
 12   3
 12   4
 12   5
 12   6
 12   7
 12   14
 12   15
 12   17
 12   18
 12   20
 13   1
 13   5
 13   8
 13   10
 13   11
 13   18
 13   19
 14   2
 14   3
 14   4
 14   6
 14   7
 14   8
 14   12
 14   15
 14   17
 14   20
 15   2
 15   3
 15   6
 15   12
 15   14
 15   17
 15   20
 16   1
 16   4
 16   5
 16   8
 16   9
 16   10
 16   11
 16   18
 16   19
 17   2
 17   3
 17   4
 17   6
 17   7
 17   10
 17   12
 17   14
 17   15
 17   20
 18   1
 18   5
 18   8
 18   9
 18   11
 18   12
 18   13
 18   16
 18   19
 19   1
 19   4
 19   5
 19   8
 19   9
 19   11
 19   13
 19   16
 19   18
 20   2
 20   3
 20   4
 20   6
 20   7
 20   10
 20   12
 20   14
 20   15
 20   17
