https://powcoder.com
代写代考加微信 powcoder
Assignment Project Exam Help
Add WeChat powcoder
https://powcoder.com
代写代考加微信 powcoder
Assignment Project Exam Help
Add WeChat powcoder
 1   4
 1   7
 1   8
 1   9
 1   10
 1   11
 1   14
 1   19
 1   20
 2   4
 2   7
 2   8
 2   9
 2   10
 2   14
 2   19
 2   20
 3   5
 3   6
 3   11
 3   13
 3   15
 3   16
 3   17
 3   18
 3   19
 4   1
 4   2
 4   7
 4   8
 4   9
 4   10
 4   14
 4   19
 5   3
 5   6
 5   7
 5   11
 5   12
 5   13
 5   15
 5   16
 5   17
 5   18
 6   3
 6   5
 6   11
 6   12
 6   13
 6   15
 6   16
 6   17
 6   18
 7   1
 7   2
 7   4
 7   5
 7   8
 7   9
 7   10
 7   14
 7   19
 7   20
 8   1
 8   2
 8   4
 8   7
 8   9
 8   10
 8   12
 8   14
 8   19
 8   20
 9   1
 9   2
 9   4
 9   7
 9   8
 9   10
 9   14
 9   19
 9   20
 10   1
 10   2
 10   4
 10   7
 10   8
 10   9
 10   13
 10   14
 10   19
 10   20
 11   1
 11   3
 11   5
 11   6
 11   12
 11   13
 11   15
 11   16
 11   17
 11   18
 12   5
 12   6
 12   8
 12   11
 12   13
 12   15
 12   17
 12   18
 13   3
 13   5
 13   6
 13   10
 13   11
 13   12
 13   15
 13   16
 13   17
 14   1
 14   2
 14   4
 14   7
 14   8
 14   9
 14   10
 14   17
 14   19
 14   20
 15   3
 15   5
 15   6
 15   11
 15   12
 15   13
 15   16
 15   17
 16   3
 16   5
 16   6
 16   11
 16   13
 16   15
 16   17
 16   18
 17   3
 17   5
 17   6
 17   11
 17   12
 17   13
 17   14
 17   15
 17   16
 17   18
 18   3
 18   5
 18   6
 18   11
 18   12
 18   16
 18   17
 19   1
 19   2
 19   3
 19   4
 19   7
 19   8
 19   9
 19   10
 19   14
 19   20
 20   1
 20   2
 20   7
 20   8
 20   9
 20   10
 20   14
 20   19
