https://powcoder.com
代写代考加微信 powcoder
Assignment Project Exam Help
Add WeChat powcoder
https://powcoder.com
代写代考加微信 powcoder
Assignment Project Exam Help
Add WeChat powcoder
 1   2
 1   3
 1   5
 1   6
 1   7
 1   10
 1   14
 1   15
 1   19
 2   1
 2   3
 2   5
 2   6
 2   8
 2   10
 2   13
 2   19
 3   1
 3   2
 3   5
 3   7
 3   10
 3   13
 3   15
 3   16
 4   8
 4   9
 4   11
 4   12
 4   14
 4   16
 4   17
 4   18
 5   1
 5   2
 5   3
 5   6
 5   7
 5   10
 5   13
 5   15
 5   19
 6   1
 6   2
 6   5
 6   13
 6   15
 6   19
 6   20
 7   1
 7   3
 7   5
 7   8
 7   10
 7   13
 7   18
 7   19
 8   2
 8   4
 8   7
 8   9
 8   11
 8   12
 8   14
 8   16
 8   17
 8   18
 8   20
 9   4
 9   8
 9   11
 9   12
 9   14
 9   16
 9   18
 9   20
 10   1
 10   2
 10   3
 10   5
 10   7
 10   15
 10   19
 11   4
 11   8
 11   9
 11   12
 11   14
 11   15
 11   16
 11   17
 11   18
 11   20
 12   4
 12   8
 12   9
 12   11
 12   14
 12   16
 12   17
 12   18
 12   20
 13   2
 13   3
 13   5
 13   6
 13   7
 13   15
 13   19
 14   1
 14   4
 14   8
 14   9
 14   11
 14   12
 14   16
 14   17
 14   18
 14   20
 15   1
 15   3
 15   5
 15   6
 15   10
 15   11
 15   13
 15   16
 15   19
 16   3
 16   4
 16   8
 16   9
 16   11
 16   12
 16   14
 16   15
 16   17
 16   20
 17   4
 17   8
 17   11
 17   12
 17   14
 17   16
 17   18
 17   20
 18   4
 18   7
 18   8
 18   9
 18   11
 18   12
 18   14
 18   17
 18   20
 19   1
 19   2
 19   5
 19   6
 19   7
 19   10
 19   13
 19   15
 20   6
 20   8
 20   9
 20   11
 20   12
 20   14
 20   16
 20   17
 20   18
