https://powcoder.com
代写代考加微信 powcoder
Assignment Project Exam Help
Add WeChat powcoder
https://powcoder.com
代写代考加微信 powcoder
Assignment Project Exam Help
Add WeChat powcoder
 1   5
 1   6
 1   9
 1   10
 1   11
 1   12
 1   17
 1   18
 1   20
 2   4
 2   7
 2   8
 2   11
 2   13
 2   14
 2   15
 2   16
 2   19
 3   6
 3   9
 3   17
 3   20
 4   2
 4   7
 4   8
 4   11
 4   13
 4   14
 4   15
 4   16
 4   19
 5   1
 5   6
 5   9
 5   10
 5   12
 5   17
 5   18
 6   1
 6   3
 6   5
 6   9
 6   10
 6   12
 6   17
 6   18
 6   20
 7   2
 7   4
 7   8
 7   10
 7   11
 7   13
 7   15
 7   16
 7   19
 8   2
 8   4
 8   7
 8   11
 8   13
 8   14
 8   15
 8   16
 8   18
 8   19
 9   1
 9   3
 9   5
 9   6
 9   10
 9   17
 9   18
 9   20
 10   1
 10   5
 10   6
 10   7
 10   9
 10   12
 10   17
 10   18
 10   20
 11   1
 11   2
 11   4
 11   7
 11   8
 11   13
 11   14
 11   15
 11   19
 12   1
 12   5
 12   6
 12   10
 12   17
 12   18
 12   20
 13   2
 13   4
 13   7
 13   8
 13   11
 13   14
 13   15
 13   16
 13   19
 14   2
 14   4
 14   8
 14   11
 14   13
 14   15
 14   16
 15   2
 15   4
 15   7
 15   8
 15   11
 15   13
 15   14
 15   16
 15   19
 15   20
 16   2
 16   4
 16   7
 16   8
 16   13
 16   14
 16   15
 16   19
 17   1
 17   3
 17   5
 17   6
 17   9
 17   10
 17   12
 17   18
 17   20
 18   1
 18   5
 18   6
 18   8
 18   9
 18   10
 18   12
 18   17
 18   20
 19   2
 19   4
 19   7
 19   8
 19   11
 19   13
 19   15
 19   16
 20   1
 20   3
 20   6
 20   9
 20   10
 20   12
 20   15
 20   17
 20   18
