https://powcoder.com
代写代考加微信 powcoder
Assignment Project Exam Help
Add WeChat powcoder
https://powcoder.com
代写代考加微信 powcoder
Assignment Project Exam Help
Add WeChat powcoder
 1   2
 1   3
 1   5
 1   6
 1   7
 1   10
 1   12
 1   13
 1   15
 1   19
 2   1
 2   3
 2   5
 2   6
 2   7
 2   10
 2   15
 2   19
 3   1
 3   2
 3   5
 3   6
 3   7
 3   10
 3   12
 3   15
 3   19
 4   6
 4   8
 4   9
 4   11
 4   12
 4   13
 4   14
 4   16
 4   17
 4   18
 5   1
 5   2
 5   3
 5   6
 5   7
 5   10
 5   12
 5   15
 5   19
 6   1
 6   2
 6   3
 6   4
 6   5
 6   7
 6   10
 6   12
 6   15
 6   19
 7   1
 7   2
 7   3
 7   5
 7   6
 7   10
 7   12
 7   15
 7   19
 8   4
 8   9
 8   11
 8   13
 8   14
 8   16
 8   17
 8   18
 8   20
 9   4
 9   8
 9   11
 9   13
 9   14
 9   16
 9   17
 9   18
 9   20
 10   1
 10   2
 10   3
 10   5
 10   6
 10   7
 10   11
 10   12
 10   15
 10   19
 11   4
 11   8
 11   9
 11   10
 11   13
 11   14
 11   16
 11   17
 11   18
 11   20
 12   1
 12   3
 12   4
 12   5
 12   6
 12   7
 12   10
 12   15
 12   19
 13   1
 13   4
 13   8
 13   9
 13   11
 13   14
 13   16
 13   17
 13   18
 13   20
 14   4
 14   8
 14   9
 14   11
 14   13
 14   17
 14   18
 15   1
 15   2
 15   3
 15   5
 15   6
 15   7
 15   10
 15   12
 15   19
 16   4
 16   8
 16   9
 16   11
 16   13
 16   17
 16   20
 17   4
 17   8
 17   9
 17   11
 17   13
 17   14
 17   16
 17   18
 17   20
 18   4
 18   8
 18   9
 18   11
 18   13
 18   14
 18   17
 18   19
 18   20
 19   1
 19   2
 19   3
 19   5
 19   6
 19   7
 19   10
 19   12
 19   15
 19   18
 19   20
 20   8
 20   9
 20   11
 20   13
 20   16
 20   17
 20   18
 20   19
