https://powcoder.com
代写代考加微信 powcoder
Assignment Project Exam Help
Add WeChat powcoder
https://powcoder.com
代写代考加微信 powcoder
Assignment Project Exam Help
Add WeChat powcoder
 1   3
 1   6
 1   8
 1   9
 1   12
 1   16
 1   17
 1   18
 2   4
 2   5
 2   11
 2   13
 2   14
 2   15
 2   19
 3   1
 3   4
 3   5
 3   6
 3   7
 3   8
 3   9
 3   17
 3   18
 4   2
 4   3
 4   5
 4   8
 4   9
 4   10
 4   11
 4   13
 4   14
 4   15
 4   19
 4   20
 5   2
 5   3
 5   4
 5   10
 5   11
 5   13
 5   14
 5   15
 5   18
 5   19
 5   20
 6   1
 6   3
 6   7
 6   8
 6   12
 6   16
 6   17
 6   18
 7   3
 7   6
 7   8
 7   9
 7   12
 7   16
 7   17
 7   18
 8   1
 8   3
 8   4
 8   6
 8   7
 8   9
 8   11
 8   12
 8   16
 8   17
 8   18
 9   1
 9   3
 9   4
 9   7
 9   8
 9   12
 9   16
 9   17
 9   18
 10   4
 10   5
 10   11
 10   13
 10   14
 10   15
 10   19
 10   20
 11   2
 11   4
 11   5
 11   8
 11   10
 11   13
 11   14
 11   15
 11   18
 11   19
 11   20
 12   1
 12   6
 12   7
 12   8
 12   9
 12   16
 12   17
 12   18
 13   2
 13   4
 13   5
 13   10
 13   11
 13   14
 13   15
 13   19
 14   2
 14   4
 14   5
 14   10
 14   11
 14   13
 14   15
 14   18
 14   19
 14   20
 15   2
 15   4
 15   5
 15   10
 15   11
 15   13
 15   14
 15   19
 15   20
 16   1
 16   6
 16   7
 16   8
 16   9
 16   12
 16   17
 16   18
 17   1
 17   3
 17   6
 17   7
 17   8
 17   9
 17   12
 17   16
 17   18
 18   1
 18   3
 18   5
 18   6
 18   7
 18   8
 18   9
 18   11
 18   12
 18   14
 18   16
 18   17
 19   2
 19   4
 19   5
 19   10
 19   11
 19   13
 19   14
 19   15
 19   20
 20   4
 20   5
 20   10
 20   11
 20   14
 20   15
 20   19
