https://powcoder.com
代写代考加微信 powcoder
Assignment Project Exam Help
Add WeChat powcoder
https://powcoder.com
代写代考加微信 powcoder
Assignment Project Exam Help
Add WeChat powcoder
 1   3
 1   4
 1   6
 1   8
 1   11
 1   12
 1   14
 1   16
 1   19
 2   5
 2   6
 2   9
 2   10
 2   11
 2   13
 2   15
 2   17
 2   18
 2   20
 3   1
 3   4
 3   6
 3   8
 3   12
 3   14
 3   16
 3   19
 4   1
 4   3
 4   6
 4   8
 4   12
 4   13
 4   14
 4   16
 4   19
 5   2
 5   9
 5   10
 5   11
 5   14
 5   15
 5   18
 5   20
 6   1
 6   2
 6   3
 6   4
 6   7
 6   12
 6   14
 6   16
 6   19
 7   6
 7   8
 7   12
 7   14
 7   16
 7   19
 8   1
 8   3
 8   4
 8   7
 8   9
 8   12
 8   14
 8   16
 9   2
 9   5
 9   8
 9   10
 9   11
 9   15
 9   17
 9   18
 9   20
 10   2
 10   5
 10   9
 10   11
 10   12
 10   13
 10   15
 10   17
 10   18
 11   1
 11   2
 11   5
 11   9
 11   10
 11   13
 11   15
 11   17
 11   18
 11   20
 12   1
 12   3
 12   4
 12   6
 12   7
 12   8
 12   10
 12   14
 12   16
 12   19
 13   2
 13   4
 13   10
 13   11
 13   15
 13   17
 13   18
 13   20
 14   1
 14   3
 14   4
 14   5
 14   6
 14   7
 14   8
 14   12
 14   19
 15   2
 15   5
 15   9
 15   10
 15   11
 15   13
 15   17
 15   18
 15   19
 15   20
 16   1
 16   3
 16   4
 16   6
 16   7
 16   8
 16   12
 16   20
 17   2
 17   9
 17   10
 17   11
 17   13
 17   15
 17   18
 17   20
 18   2
 18   5
 18   9
 18   10
 18   11
 18   13
 18   15
 18   17
 18   20
 19   1
 19   3
 19   4
 19   6
 19   7
 19   12
 19   14
 19   15
 20   2
 20   5
 20   9
 20   11
 20   13
 20   15
 20   16
 20   17
 20   18
