https://powcoder.com
代写代考加微信 powcoder
Assignment Project Exam Help
Add WeChat powcoder
https://powcoder.com
代写代考加微信 powcoder
Assignment Project Exam Help
Add WeChat powcoder
 1   2
 1   4
 1   7
 1   10
 1   11
 1   13
 1   15
 1   17
 1   18
 1   20
 2   1
 2   4
 2   7
 2   10
 2   13
 2   15
 2   17
 2   18
 2   20
 3   5
 3   6
 3   8
 3   9
 3   11
 3   12
 3   14
 3   16
 3   19
 4   1
 4   2
 4   7
 4   10
 4   13
 4   15
 4   18
 4   20
 5   3
 5   6
 5   8
 5   9
 5   11
 5   12
 5   13
 5   14
 5   16
 5   19
 6   3
 6   5
 6   8
 6   9
 6   11
 6   12
 6   14
 6   16
 6   19
 6   20
 7   1
 7   2
 7   4
 7   10
 7   13
 7   17
 7   18
 7   20
 8   3
 8   5
 8   6
 8   9
 8   11
 8   12
 8   14
 8   16
 8   19
 9   3
 9   5
 9   6
 9   8
 9   11
 9   12
 9   14
 9   15
 9   16
 9   19
 10   1
 10   2
 10   4
 10   7
 10   15
 10   17
 10   18
 10   20
 11   1
 11   3
 11   5
 11   6
 11   8
 11   9
 11   12
 11   14
 11   16
 11   19
 12   3
 12   5
 12   6
 12   8
 12   9
 12   11
 12   14
 12   16
 12   19
 13   1
 13   2
 13   4
 13   5
 13   7
 13   15
 13   17
 13   20
 14   3
 14   5
 14   6
 14   8
 14   9
 14   11
 14   12
 14   16
 14   19
 15   1
 15   2
 15   4
 15   9
 15   10
 15   13
 15   17
 15   18
 15   20
 16   3
 16   5
 16   6
 16   8
 16   9
 16   11
 16   12
 16   14
 16   19
 17   1
 17   2
 17   7
 17   10
 17   13
 17   15
 17   18
 17   20
 18   1
 18   2
 18   4
 18   7
 18   10
 18   15
 18   17
 18   20
 19   3
 19   5
 19   6
 19   8
 19   9
 19   11
 19   12
 19   14
 19   16
 20   1
 20   2
 20   4
 20   6
 20   7
 20   10
 20   13
 20   15
 20   17
 20   18
