https://powcoder.com
代写代考加微信 powcoder
Assignment Project Exam Help
Add WeChat powcoder
https://powcoder.com
代写代考加微信 powcoder
Assignment Project Exam Help
Add WeChat powcoder
 1   4
 1   5
 1   8
 1   10
 1   13
 1   18
 1   20
 2   3
 2   5
 2   6
 2   9
 2   10
 2   11
 2   14
 2   15
 2   16
 2   17
 2   19
 3   2
 3   6
 3   9
 3   11
 3   14
 3   15
 3   16
 3   19
 4   1
 4   5
 4   7
 4   8
 4   10
 4   11
 4   12
 4   13
 4   18
 4   20
 5   1
 5   2
 5   4
 5   7
 5   8
 5   10
 5   12
 5   15
 5   18
 5   20
 6   2
 6   3
 6   9
 6   14
 6   15
 6   16
 6   17
 6   19
 7   4
 7   5
 7   8
 7   10
 7   12
 7   13
 7   18
 7   19
 7   20
 8   1
 8   4
 8   5
 8   7
 8   10
 8   11
 8   12
 8   19
 9   2
 9   3
 9   6
 9   11
 9   14
 9   15
 9   16
 9   17
 9   19
 10   1
 10   2
 10   4
 10   5
 10   7
 10   8
 10   12
 10   13
 10   16
 10   18
 10   20
 11   2
 11   3
 11   4
 11   8
 11   9
 11   14
 11   15
 11   16
 11   17
 11   19
 12   4
 12   5
 12   7
 12   8
 12   10
 12   13
 12   18
 12   20
 13   1
 13   4
 13   7
 13   10
 13   12
 13   18
 14   2
 14   3
 14   6
 14   9
 14   11
 14   15
 14   16
 14   17
 14   19
 15   2
 15   3
 15   5
 15   6
 15   9
 15   11
 15   14
 15   16
 15   17
 15   19
 16   2
 16   3
 16   6
 16   9
 16   10
 16   11
 16   14
 16   15
 16   17
 16   19
 17   2
 17   6
 17   9
 17   11
 17   14
 17   15
 17   16
 18   1
 18   4
 18   5
 18   7
 18   10
 18   12
 18   13
 18   20
 19   2
 19   3
 19   6
 19   7
 19   8
 19   9
 19   11
 19   14
 19   15
 19   16
 20   1
 20   4
 20   5
 20   7
 20   10
 20   12
 20   18
