https://powcoder.com
代写代考加微信 powcoder
Assignment Project Exam Help
Add WeChat powcoder
https://powcoder.com
代写代考加微信 powcoder
Assignment Project Exam Help
Add WeChat powcoder
 1   2
 1   4
 1   7
 1   8
 1   10
 1   16
 1   17
 1   18
 1   20
 2   1
 2   7
 2   8
 2   10
 2   11
 2   16
 2   17
 2   18
 2   19
 2   20
 3   4
 3   5
 3   6
 3   9
 3   10
 3   11
 3   12
 3   13
 3   14
 3   15
 4   1
 4   3
 4   5
 4   6
 4   9
 4   11
 4   12
 4   13
 4   14
 4   15
 5   3
 5   4
 5   6
 5   7
 5   9
 5   11
 5   12
 5   13
 5   14
 5   15
 5   16
 6   3
 6   4
 6   5
 6   9
 6   10
 6   11
 6   12
 6   13
 6   14
 6   15
 7   1
 7   2
 7   5
 7   8
 7   10
 7   16
 7   17
 7   18
 7   19
 7   20
 8   1
 8   2
 8   7
 8   10
 8   16
 8   17
 8   18
 8   19
 8   20
 9   3
 9   4
 9   5
 9   6
 9   11
 9   12
 9   13
 9   14
 9   15
 9   19
 10   1
 10   2
 10   3
 10   6
 10   7
 10   8
 10   16
 10   17
 10   18
 10   19
 10   20
 11   2
 11   3
 11   4
 11   5
 11   6
 11   9
 11   12
 11   13
 11   14
 11   15
 12   3
 12   4
 12   5
 12   6
 12   9
 12   11
 12   13
 12   14
 12   15
 12   20
 13   3
 13   4
 13   5
 13   6
 13   9
 13   11
 13   12
 13   14
 13   15
 14   3
 14   4
 14   5
 14   6
 14   9
 14   11
 14   12
 14   13
 14   15
 15   3
 15   4
 15   5
 15   6
 15   9
 15   11
 15   12
 15   13
 15   14
 16   1
 16   2
 16   5
 16   7
 16   8
 16   10
 16   17
 16   18
 16   19
 16   20
 17   1
 17   2
 17   7
 17   8
 17   10
 17   16
 17   18
 17   19
 17   20
 18   1
 18   2
 18   7
 18   8
 18   10
 18   16
 18   17
 18   19
 19   2
 19   7
 19   8
 19   9
 19   10
 19   16
 19   17
 19   18
 19   20
 20   1
 20   2
 20   7
 20   8
 20   10
 20   12
 20   16
 20   17
 20   19
