https://powcoder.com
代写代考加微信 powcoder
Assignment Project Exam Help
Add WeChat powcoder
https://powcoder.com
代写代考加微信 powcoder
Assignment Project Exam Help
Add WeChat powcoder
 1   4
 1   6
 1   7
 1   12
 1   13
 1   14
 1   15
 1   16
 1   17
 1   18
 2   3
 2   5
 2   6
 2   8
 2   9
 2   10
 2   11
 2   19
 2   20
 3   2
 3   5
 3   6
 3   8
 3   9
 3   10
 3   13
 3   18
 3   19
 3   20
 4   1
 4   6
 4   7
 4   11
 4   12
 4   14
 4   15
 4   16
 4   17
 5   2
 5   3
 5   9
 5   10
 5   13
 5   18
 5   19
 5   20
 6   1
 6   2
 6   3
 6   4
 6   7
 6   11
 6   12
 6   14
 6   17
 7   1
 7   4
 7   6
 7   11
 7   12
 7   13
 7   14
 7   15
 7   16
 7   17
 8   2
 8   3
 8   9
 8   10
 8   13
 8   18
 8   19
 8   20
 9   2
 9   3
 9   5
 9   8
 9   10
 9   13
 9   20
 10   2
 10   3
 10   5
 10   8
 10   9
 10   11
 10   13
 10   18
 10   19
 11   2
 11   4
 11   6
 11   7
 11   10
 11   12
 11   14
 11   15
 11   16
 11   17
 12   1
 12   4
 12   6
 12   7
 12   11
 12   14
 12   15
 12   16
 12   17
 13   1
 13   3
 13   5
 13   7
 13   8
 13   9
 13   10
 13   18
 13   19
 13   20
 14   1
 14   4
 14   6
 14   7
 14   11
 14   12
 14   15
 14   16
 14   17
 15   1
 15   4
 15   7
 15   11
 15   12
 15   14
 15   16
 15   17
 15   18
 16   1
 16   4
 16   7
 16   11
 16   12
 16   14
 16   15
 16   17
 17   1
 17   4
 17   6
 17   7
 17   11
 17   12
 17   14
 17   15
 17   16
 18   1
 18   3
 18   5
 18   8
 18   10
 18   13
 18   15
 18   19
 18   20
 19   2
 19   3
 19   5
 19   8
 19   10
 19   13
 19   18
 19   20
 20   2
 20   3
 20   5
 20   8
 20   9
 20   13
 20   18
 20   19
