https://powcoder.com
代写代考加微信 powcoder
Assignment Project Exam Help
Add WeChat powcoder
https://powcoder.com
代写代考加微信 powcoder
Assignment Project Exam Help
Add WeChat powcoder
 1   2
 1   6
 1   7
 1   8
 1   9
 1   10
 1   11
 1   19
 1   20
 2   1
 2   6
 2   7
 2   8
 2   10
 2   11
 2   13
 2   19
 2   20
 3   4
 3   5
 3   9
 3   12
 3   14
 3   15
 3   16
 3   17
 3   18
 4   3
 4   5
 4   10
 4   12
 4   14
 4   15
 4   16
 4   17
 4   18
 4   19
 5   3
 5   4
 5   9
 5   12
 5   15
 5   16
 5   17
 5   18
 5   20
 6   1
 6   2
 6   7
 6   8
 6   10
 6   13
 6   16
 6   19
 6   20
 7   1
 7   2
 7   6
 7   8
 7   10
 7   11
 7   13
 7   19
 7   20
 8   1
 8   2
 8   6
 8   7
 8   10
 8   11
 8   13
 8   19
 9   1
 9   3
 9   5
 9   12
 9   14
 9   16
 9   17
 9   18
 10   1
 10   2
 10   4
 10   6
 10   7
 10   8
 10   11
 10   12
 10   13
 10   19
 10   20
 11   1
 11   2
 11   7
 11   8
 11   10
 11   13
 11   20
 12   3
 12   4
 12   5
 12   9
 12   10
 12   14
 12   15
 12   16
 12   18
 13   2
 13   6
 13   7
 13   8
 13   10
 13   11
 13   15
 13   19
 13   20
 14   3
 14   4
 14   9
 14   12
 14   15
 14   16
 14   17
 15   3
 15   4
 15   5
 15   12
 15   13
 15   14
 15   16
 15   17
 15   18
 16   3
 16   4
 16   5
 16   6
 16   9
 16   12
 16   14
 16   15
 16   17
 16   18
 16   20
 17   3
 17   4
 17   5
 17   9
 17   14
 17   15
 17   16
 17   18
 18   3
 18   4
 18   5
 18   9
 18   12
 18   15
 18   16
 18   17
 19   1
 19   2
 19   4
 19   6
 19   7
 19   8
 19   10
 19   13
 19   20
 20   1
 20   2
 20   5
 20   6
 20   7
 20   10
 20   11
 20   13
 20   16
 20   19
