https://powcoder.com
代写代考加微信 powcoder
Assignment Project Exam Help
Add WeChat powcoder
https://powcoder.com
代写代考加微信 powcoder
Assignment Project Exam Help
Add WeChat powcoder
 1   2
 1   3
 1   6
 1   7
 1   8
 1   11
 1   12
 1   18
 1   20
 2   1
 2   4
 2   5
 2   9
 2   10
 2   13
 2   14
 2   15
 2   19
 3   1
 3   4
 3   6
 3   7
 3   8
 3   10
 3   11
 3   12
 3   16
 3   17
 3   20
 4   2
 4   3
 4   5
 4   9
 4   13
 4   14
 4   15
 4   16
 4   19
 5   2
 5   4
 5   9
 5   10
 5   13
 5   14
 5   15
 5   16
 5   19
 6   1
 6   3
 6   7
 6   8
 6   11
 6   12
 6   15
 6   17
 6   20
 7   1
 7   3
 7   6
 7   8
 7   11
 7   12
 7   15
 7   17
 7   18
 7   20
 8   1
 8   3
 8   6
 8   7
 8   11
 8   17
 8   18
 8   20
 9   2
 9   4
 9   5
 9   10
 9   13
 9   14
 9   15
 9   16
 9   19
 10   2
 10   3
 10   5
 10   9
 10   13
 10   14
 10   15
 10   16
 10   19
 11   1
 11   3
 11   6
 11   7
 11   8
 11   12
 11   17
 11   18
 11   19
 11   20
 12   1
 12   3
 12   6
 12   7
 12   11
 12   17
 12   20
 13   2
 13   4
 13   5
 13   9
 13   10
 13   14
 13   16
 13   19
 14   2
 14   4
 14   5
 14   9
 14   10
 14   13
 14   15
 14   16
 14   19
 15   2
 15   4
 15   5
 15   6
 15   7
 15   9
 15   10
 15   14
 15   16
 15   17
 15   19
 16   3
 16   4
 16   5
 16   9
 16   10
 16   13
 16   14
 16   15
 17   3
 17   6
 17   7
 17   8
 17   11
 17   12
 17   15
 17   18
 17   20
 18   1
 18   7
 18   8
 18   11
 18   17
 18   20
 19   2
 19   4
 19   5
 19   9
 19   10
 19   11
 19   13
 19   14
 19   15
 20   1
 20   3
 20   6
 20   7
 20   8
 20   11
 20   12
 20   17
 20   18
