https://powcoder.com
代写代考加微信 powcoder
Assignment Project Exam Help
Add WeChat powcoder
https://powcoder.com
代写代考加微信 powcoder
Assignment Project Exam Help
Add WeChat powcoder
 1   2
 1   3
 1   4
 1   6
 1   9
 1   11
 1   12
 1   14
 1   15
 1   17
 1   18
 2   1
 2   4
 2   6
 2   7
 2   9
 2   14
 2   15
 2   17
 2   18
 3   1
 3   4
 3   7
 3   8
 3   10
 3   11
 3   13
 3   19
 3   20
 4   1
 4   2
 4   3
 4   6
 4   9
 4   12
 4   14
 4   15
 4   17
 4   18
 5   7
 5   8
 5   10
 5   11
 5   13
 5   16
 5   19
 5   20
 6   1
 6   2
 6   4
 6   9
 6   12
 6   17
 6   18
 7   2
 7   3
 7   5
 7   8
 7   10
 7   11
 7   16
 7   19
 7   20
 8   3
 8   5
 8   7
 8   11
 8   12
 8   13
 8   15
 8   16
 8   19
 8   20
 9   1
 9   2
 9   4
 9   6
 9   12
 9   13
 9   14
 9   15
 9   17
 9   18
 10   3
 10   5
 10   7
 10   11
 10   12
 10   13
 10   16
 10   19
 10   20
 11   1
 11   3
 11   5
 11   7
 11   8
 11   10
 11   13
 11   16
 11   20
 12   1
 12   4
 12   6
 12   8
 12   9
 12   10
 12   14
 12   17
 13   3
 13   5
 13   8
 13   9
 13   10
 13   11
 13   16
 13   19
 13   20
 14   1
 14   2
 14   4
 14   9
 14   12
 14   15
 14   17
 14   18
 15   1
 15   2
 15   4
 15   8
 15   9
 15   14
 15   17
 15   18
 16   5
 16   7
 16   8
 16   10
 16   11
 16   13
 16   19
 16   20
 17   1
 17   2
 17   4
 17   6
 17   9
 17   12
 17   14
 17   15
 17   18
 18   1
 18   2
 18   4
 18   6
 18   9
 18   14
 18   15
 18   17
 19   3
 19   5
 19   7
 19   8
 19   10
 19   13
 19   16
 19   20
 20   3
 20   5
 20   7
 20   8
 20   10
 20   11
 20   13
 20   16
 20   19
