https://powcoder.com
代写代考加微信 powcoder
Assignment Project Exam Help
Add WeChat powcoder
https://powcoder.com
代写代考加微信 powcoder
Assignment Project Exam Help
Add WeChat powcoder
 1   4
 1   8
 1   9
 1   11
 1   13
 1   16
 1   17
 2   3
 2   4
 2   6
 2   7
 2   12
 2   15
 2   18
 3   2
 3   5
 3   6
 3   7
 3   9
 3   12
 3   14
 3   15
 3   18
 3   20
 4   1
 4   2
 4   8
 4   9
 4   10
 4   11
 4   13
 4   19
 5   3
 5   6
 5   7
 5   12
 5   14
 5   15
 5   16
 5   18
 5   19
 5   20
 6   2
 6   3
 6   5
 6   7
 6   10
 6   12
 6   14
 6   15
 6   18
 6   20
 7   2
 7   3
 7   5
 7   6
 7   12
 7   13
 7   14
 7   15
 7   18
 7   20
 8   1
 8   4
 8   10
 8   11
 8   13
 8   15
 8   16
 8   19
 9   1
 9   3
 9   4
 9   11
 9   12
 9   13
 9   16
 9   17
 10   4
 10   6
 10   8
 10   13
 10   16
 10   17
 10   19
 11   1
 11   4
 11   8
 11   9
 11   13
 11   16
 11   19
 12   2
 12   3
 12   5
 12   6
 12   7
 12   9
 12   14
 12   15
 12   18
 12   20
 13   1
 13   4
 13   7
 13   8
 13   9
 13   10
 13   11
 13   17
 13   19
 14   3
 14   5
 14   6
 14   7
 14   12
 14   15
 14   18
 15   2
 15   3
 15   5
 15   6
 15   7
 15   8
 15   12
 15   14
 15   18
 15   20
 16   1
 16   5
 16   8
 16   9
 16   10
 16   11
 16   17
 16   19
 17   1
 17   9
 17   10
 17   13
 17   16
 17   19
 18   2
 18   3
 18   5
 18   6
 18   7
 18   12
 18   14
 18   15
 18   20
 19   4
 19   5
 19   8
 19   10
 19   11
 19   13
 19   16
 19   17
 20   3
 20   5
 20   6
 20   7
 20   12
 20   15
 20   18
