https://powcoder.com
代写代考加微信 powcoder
Assignment Project Exam Help
Add WeChat powcoder
https://powcoder.com
代写代考加微信 powcoder
Assignment Project Exam Help
Add WeChat powcoder
 1   5
 1   6
 1   7
 1   8
 1   9
 1   12
 1   13
 1   17
 1   18
 1   19
 1   20
 2   3
 2   4
 2   8
 2   10
 2   11
 2   14
 2   15
 2   19
 3   2
 3   4
 3   8
 3   10
 3   11
 3   14
 3   15
 3   16
 3   19
 4   2
 4   3
 4   11
 4   14
 4   15
 4   16
 4   19
 5   1
 5   6
 5   7
 5   9
 5   10
 5   11
 5   12
 5   13
 5   17
 5   18
 5   20
 6   1
 6   5
 6   7
 6   12
 6   13
 6   17
 6   18
 6   20
 7   1
 7   5
 7   6
 7   9
 7   13
 7   17
 7   18
 7   19
 7   20
 8   1
 8   2
 8   3
 8   10
 8   11
 8   14
 8   15
 8   16
 8   17
 8   19
 9   1
 9   5
 9   7
 9   10
 9   12
 9   13
 9   16
 9   17
 9   18
 9   20
 10   2
 10   3
 10   5
 10   8
 10   9
 10   11
 10   14
 10   15
 10   16
 10   19
 11   2
 11   3
 11   4
 11   5
 11   8
 11   10
 11   14
 11   15
 11   16
 11   19
 12   1
 12   5
 12   6
 12   9
 12   17
 12   18
 12   20
 13   1
 13   5
 13   6
 13   7
 13   9
 13   17
 13   18
 13   20
 14   2
 14   3
 14   4
 14   8
 14   10
 14   11
 14   15
 14   16
 14   19
 15   2
 15   3
 15   4
 15   8
 15   10
 15   11
 15   14
 15   16
 15   19
 16   3
 16   4
 16   8
 16   9
 16   10
 16   11
 16   14
 16   15
 16   19
 17   1
 17   5
 17   6
 17   7
 17   8
 17   9
 17   12
 17   13
 17   18
 17   20
 18   1
 18   5
 18   6
 18   7
 18   9
 18   12
 18   13
 18   17
 18   20
 19   1
 19   2
 19   3
 19   4
 19   7
 19   8
 19   10
 19   11
 19   14
 19   15
 19   16
 20   1
 20   5
 20   6
 20   7
 20   9
 20   12
 20   13
 20   17
 20   18
