https://powcoder.com
代写代考加微信 powcoder
Assignment Project Exam Help
Add WeChat powcoder
https://powcoder.com
代写代考加微信 powcoder
Assignment Project Exam Help
Add WeChat powcoder
 1   5
 1   6
 1   8
 1   9
 1   11
 1   12
 1   14
 1   15
 1   16
 1   18
 1   19
 1   20
 2   4
 2   7
 2   9
 2   10
 2   12
 2   13
 2   16
 2   17
 2   20
 3   7
 3   9
 3   10
 3   13
 3   17
 3   20
 4   2
 4   7
 4   9
 4   10
 4   12
 4   13
 4   17
 4   20
 5   1
 5   6
 5   8
 5   11
 5   14
 5   15
 5   16
 5   18
 5   19
 6   1
 6   5
 6   8
 6   11
 6   13
 6   14
 6   15
 6   16
 6   18
 6   19
 7   2
 7   3
 7   4
 7   9
 7   10
 7   12
 7   13
 7   17
 7   20
 8   1
 8   5
 8   6
 8   11
 8   12
 8   14
 8   15
 8   16
 8   18
 8   19
 9   1
 9   2
 9   3
 9   4
 9   7
 9   10
 9   12
 9   13
 9   17
 9   20
 10   2
 10   3
 10   4
 10   7
 10   9
 10   13
 10   17
 10   20
 11   1
 11   5
 11   6
 11   8
 11   14
 11   15
 11   16
 11   18
 11   19
 12   1
 12   2
 12   4
 12   7
 12   8
 12   9
 12   13
 12   17
 12   20
 13   2
 13   3
 13   4
 13   6
 13   7
 13   9
 13   10
 13   12
 13   16
 13   17
 13   19
 13   20
 14   1
 14   5
 14   6
 14   8
 14   11
 14   15
 14   16
 14   18
 14   19
 15   1
 15   5
 15   6
 15   8
 15   11
 15   14
 15   16
 15   18
 15   19
 16   1
 16   2
 16   5
 16   6
 16   8
 16   11
 16   13
 16   14
 16   15
 16   18
 16   19
 17   2
 17   3
 17   4
 17   7
 17   9
 17   10
 17   12
 17   13
 17   20
 18   1
 18   5
 18   6
 18   8
 18   11
 18   14
 18   15
 18   16
 19   1
 19   5
 19   6
 19   8
 19   11
 19   13
 19   14
 19   15
 19   16
 20   1
 20   2
 20   3
 20   4
 20   7
 20   9
 20   10
 20   12
 20   13
 20   17
