https://powcoder.com
代写代考加微信 powcoder
Assignment Project Exam Help
Add WeChat powcoder
https://powcoder.com
代写代考加微信 powcoder
Assignment Project Exam Help
Add WeChat powcoder
 1   4
 1   8
 1   9
 1   10
 1   11
 1   15
 1   17
 1   18
 1   19
 1   20
 2   3
 2   5
 2   6
 2   7
 2   8
 2   13
 2   14
 2   16
 3   2
 3   5
 3   6
 3   7
 3   8
 3   12
 3   13
 3   14
 3   16
 4   1
 4   6
 4   9
 4   10
 4   14
 4   15
 4   17
 4   18
 4   19
 4   20
 5   2
 5   3
 5   7
 5   8
 5   10
 5   11
 5   12
 5   13
 5   14
 5   16
 6   2
 6   3
 6   4
 6   7
 6   8
 6   12
 6   13
 6   14
 6   16
 7   2
 7   3
 7   5
 7   6
 7   8
 7   12
 7   13
 7   14
 7   15
 7   16
 8   1
 8   2
 8   3
 8   5
 8   6
 8   7
 8   12
 8   13
 8   14
 8   16
 8   18
 9   1
 9   4
 9   10
 9   11
 9   15
 9   17
 9   18
 9   19
 9   20
 10   1
 10   4
 10   5
 10   9
 10   11
 10   15
 10   17
 10   18
 10   19
 10   20
 11   1
 11   5
 11   9
 11   10
 11   15
 11   17
 11   18
 11   19
 11   20
 12   3
 12   5
 12   6
 12   7
 12   8
 12   13
 12   14
 12   16
 13   2
 13   3
 13   5
 13   6
 13   7
 13   8
 13   12
 13   14
 13   15
 13   16
 14   2
 14   3
 14   4
 14   5
 14   6
 14   7
 14   8
 14   12
 14   13
 14   16
 15   1
 15   4
 15   7
 15   9
 15   10
 15   11
 15   13
 15   17
 15   18
 15   19
 15   20
 16   2
 16   3
 16   5
 16   6
 16   7
 16   8
 16   12
 16   13
 16   14
 17   1
 17   4
 17   9
 17   10
 17   11
 17   15
 17   19
 17   20
 18   1
 18   4
 18   8
 18   9
 18   10
 18   11
 18   15
 18   20
 19   1
 19   4
 19   9
 19   10
 19   11
 19   15
 19   17
 19   20
 20   1
 20   4
 20   9
 20   10
 20   11
 20   15
 20   17
 20   18
 20   19
