https://powcoder.com
代写代考加微信 powcoder
Assignment Project Exam Help
Add WeChat powcoder
https://powcoder.com
代写代考加微信 powcoder
Assignment Project Exam Help
Add WeChat powcoder
 1   4
 1   5
 1   6
 1   7
 1   8
 1   9
 1   11
 1   14
 1   17
 1   20
 2   3
 2   10
 2   12
 2   13
 2   15
 2   16
 2   18
 2   19
 2   20
 3   2
 3   10
 3   11
 3   13
 3   15
 3   18
 3   19
 3   20
 4   1
 4   5
 4   6
 4   7
 4   8
 4   9
 4   11
 4   17
 4   20
 5   1
 5   4
 5   6
 5   7
 5   8
 5   9
 5   12
 5   14
 5   17
 6   1
 6   4
 6   5
 6   7
 6   8
 6   9
 6   11
 6   14
 6   17
 7   1
 7   4
 7   5
 7   6
 7   8
 7   9
 7   11
 7   14
 7   17
 8   1
 8   4
 8   5
 8   6
 8   7
 8   9
 8   11
 8   13
 8   14
 8   16
 8   17
 9   1
 9   4
 9   5
 9   6
 9   7
 9   8
 9   11
 9   14
 9   17
 10   2
 10   3
 10   12
 10   13
 10   16
 10   18
 10   19
 10   20
 11   1
 11   3
 11   4
 11   6
 11   7
 11   8
 11   9
 11   14
 11   17
 11   19
 12   2
 12   5
 12   10
 12   13
 12   14
 12   15
 12   18
 12   19
 13   2
 13   3
 13   8
 13   10
 13   12
 13   15
 13   16
 13   18
 13   19
 13   20
 14   1
 14   5
 14   6
 14   7
 14   8
 14   9
 14   11
 14   12
 14   17
 15   2
 15   3
 15   12
 15   13
 15   16
 15   18
 15   19
 15   20
 16   2
 16   8
 16   10
 16   13
 16   15
 16   19
 16   20
 17   1
 17   4
 17   5
 17   6
 17   7
 17   8
 17   9
 17   11
 17   14
 18   2
 18   3
 18   10
 18   12
 18   13
 18   15
 18   19
 18   20
 19   2
 19   3
 19   10
 19   11
 19   12
 19   13
 19   15
 19   16
 19   18
 19   20
 20   1
 20   2
 20   3
 20   4
 20   10
 20   13
 20   15
 20   16
 20   18
 20   19
