https://powcoder.com
代写代考加微信 powcoder
Assignment Project Exam Help
Add WeChat powcoder
https://powcoder.com
代写代考加微信 powcoder
Assignment Project Exam Help
Add WeChat powcoder
 1   3
 1   4
 1   6
 1   8
 1   15
 1   16
 1   19
 1   20
 2   5
 2   7
 2   10
 2   12
 2   13
 2   14
 2   17
 2   18
 2   20
 3   1
 3   4
 3   6
 3   8
 3   11
 3   12
 3   15
 3   16
 3   19
 3   20
 4   1
 4   3
 4   6
 4   8
 4   11
 4   15
 4   16
 4   19
 4   20
 5   2
 5   7
 5   9
 5   12
 5   13
 5   14
 5   17
 5   18
 6   1
 6   3
 6   4
 6   8
 6   11
 6   15
 6   19
 6   20
 7   2
 7   5
 7   8
 7   9
 7   10
 7   12
 7   13
 7   14
 7   17
 7   18
 8   1
 8   3
 8   4
 8   6
 8   7
 8   11
 8   15
 8   16
 8   18
 8   19
 8   20
 9   5
 9   7
 9   10
 9   12
 9   13
 9   14
 9   18
 10   2
 10   7
 10   9
 10   12
 10   13
 10   14
 10   17
 10   18
 11   3
 11   4
 11   6
 11   8
 11   15
 11   16
 11   18
 11   19
 11   20
 12   2
 12   3
 12   5
 12   7
 12   9
 12   10
 12   13
 12   14
 12   18
 12   20
 13   2
 13   5
 13   7
 13   9
 13   10
 13   12
 13   14
 13   18
 14   2
 14   5
 14   7
 14   9
 14   10
 14   12
 14   13
 14   17
 14   18
 15   1
 15   3
 15   4
 15   6
 15   8
 15   11
 15   16
 15   19
 15   20
 16   1
 16   3
 16   4
 16   8
 16   11
 16   15
 16   19
 16   20
 17   2
 17   5
 17   7
 17   10
 17   14
 17   18
 18   2
 18   5
 18   7
 18   8
 18   9
 18   10
 18   11
 18   12
 18   13
 18   14
 18   17
 19   1
 19   3
 19   4
 19   6
 19   8
 19   11
 19   15
 19   16
 19   20
 20   1
 20   2
 20   3
 20   4
 20   6
 20   8
 20   11
 20   12
 20   15
 20   16
 20   19
