https://powcoder.com
代写代考加微信 powcoder
Assignment Project Exam Help
Add WeChat powcoder
https://powcoder.com
代写代考加微信 powcoder
Assignment Project Exam Help
Add WeChat powcoder
 1   2
 1   3
 1   5
 1   7
 1   8
 1   10
 1   13
 1   14
 1   16
 2   1
 2   3
 2   5
 2   7
 2   8
 2   10
 2   11
 2   13
 2   14
 2   16
 3   1
 3   2
 3   5
 3   7
 3   8
 3   10
 3   13
 3   14
 3   16
 4   6
 4   11
 4   12
 4   15
 4   17
 4   18
 4   19
 4   20
 5   1
 5   2
 5   3
 5   7
 5   8
 5   10
 5   11
 5   13
 5   14
 5   16
 5   19
 6   4
 6   9
 6   11
 6   12
 6   15
 6   17
 6   18
 6   19
 6   20
 7   1
 7   2
 7   3
 7   5
 7   8
 7   9
 7   10
 7   13
 7   14
 7   16
 8   1
 8   2
 8   3
 8   5
 8   7
 8   9
 8   10
 8   12
 8   13
 8   14
 8   16
 9   6
 9   7
 9   8
 9   12
 9   15
 9   17
 9   18
 9   19
 9   20
 10   1
 10   2
 10   3
 10   5
 10   7
 10   8
 10   13
 10   14
 10   16
 11   2
 11   4
 11   5
 11   6
 11   12
 11   15
 11   17
 11   18
 11   19
 11   20
 12   4
 12   6
 12   8
 12   9
 12   11
 12   15
 12   17
 12   18
 12   19
 12   20
 13   1
 13   2
 13   3
 13   5
 13   7
 13   8
 13   10
 13   14
 13   16
 14   1
 14   2
 14   3
 14   5
 14   7
 14   8
 14   10
 14   13
 14   16
 15   4
 15   6
 15   9
 15   11
 15   12
 15   17
 15   18
 15   19
 15   20
 16   1
 16   2
 16   3
 16   5
 16   7
 16   8
 16   10
 16   13
 16   14
 17   4
 17   6
 17   9
 17   11
 17   12
 17   15
 17   18
 17   19
 18   4
 18   6
 18   9
 18   11
 18   12
 18   15
 18   17
 18   19
 18   20
 19   4
 19   5
 19   6
 19   9
 19   11
 19   12
 19   15
 19   17
 19   18
 20   4
 20   6
 20   9
 20   11
 20   12
 20   15
 20   18
