https://powcoder.com
代写代考加微信 powcoder
Assignment Project Exam Help
Add WeChat powcoder
https://powcoder.com
代写代考加微信 powcoder
Assignment Project Exam Help
Add WeChat powcoder
 1   6
 1   7
 1   8
 1   9
 1   11
 1   12
 1   18
 1   19
 2   3
 2   4
 2   5
 2   10
 2   13
 2   15
 2   17
 2   18
 2   20
 3   2
 3   4
 3   5
 3   10
 3   13
 3   14
 3   15
 3   17
 3   20
 4   2
 4   3
 4   5
 4   10
 4   13
 4   14
 4   15
 4   17
 4   20
 5   2
 5   3
 5   4
 5   6
 5   13
 5   14
 5   15
 5   17
 6   1
 6   5
 6   7
 6   8
 6   9
 6   11
 6   12
 6   16
 6   18
 6   19
 6   20
 7   1
 7   6
 7   9
 7   11
 7   12
 7   14
 7   16
 7   18
 7   19
 8   1
 8   6
 8   9
 8   11
 8   12
 8   15
 8   16
 8   18
 8   19
 9   1
 9   6
 9   7
 9   8
 9   16
 9   18
 9   19
 10   2
 10   3
 10   4
 10   13
 10   14
 10   15
 10   17
 11   1
 11   6
 11   7
 11   8
 11   12
 11   16
 11   18
 11   19
 12   1
 12   6
 12   7
 12   8
 12   11
 12   14
 12   16
 12   18
 13   2
 13   3
 13   4
 13   5
 13   10
 13   14
 13   15
 13   17
 13   18
 13   20
 14   3
 14   4
 14   5
 14   7
 14   10
 14   12
 14   13
 14   15
 14   17
 14   20
 15   2
 15   3
 15   4
 15   5
 15   8
 15   10
 15   13
 15   14
 15   16
 15   17
 15   20
 16   6
 16   7
 16   8
 16   9
 16   11
 16   12
 16   15
 16   18
 16   19
 17   2
 17   3
 17   4
 17   5
 17   10
 17   13
 17   14
 17   15
 17   20
 18   1
 18   2
 18   6
 18   7
 18   8
 18   9
 18   11
 18   12
 18   13
 18   16
 18   19
 19   1
 19   6
 19   7
 19   8
 19   9
 19   11
 19   16
 19   18
 20   2
 20   3
 20   4
 20   6
 20   13
 20   14
 20   15
 20   17
