https://powcoder.com
代写代考加微信 powcoder
Assignment Project Exam Help
Add WeChat powcoder
https://powcoder.com
代写代考加微信 powcoder
Assignment Project Exam Help
Add WeChat powcoder
 1   3
 1   4
 1   5
 1   8
 1   9
 1   10
 1   11
 1   15
 1   18
 1   20
 2   5
 2   6
 2   7
 2   12
 2   13
 2   14
 2   16
 2   19
 3   1
 3   4
 3   8
 3   9
 3   10
 3   11
 3   15
 3   18
 3   20
 4   1
 4   3
 4   5
 4   7
 4   8
 4   9
 4   10
 4   11
 4   18
 4   20
 5   1
 5   2
 5   4
 5   6
 5   7
 5   10
 5   12
 5   13
 5   14
 5   16
 5   17
 5   19
 6   2
 6   5
 6   12
 6   13
 6   14
 6   16
 6   17
 6   19
 7   2
 7   4
 7   5
 7   9
 7   12
 7   13
 7   14
 7   16
 7   17
 8   1
 8   3
 8   4
 8   9
 8   10
 8   11
 8   15
 8   20
 9   1
 9   3
 9   4
 9   7
 9   8
 9   10
 9   11
 9   12
 9   15
 9   16
 9   18
 9   20
 10   1
 10   3
 10   4
 10   5
 10   8
 10   9
 10   11
 10   12
 10   15
 10   18
 10   20
 11   1
 11   3
 11   4
 11   8
 11   9
 11   10
 11   15
 11   18
 11   20
 12   2
 12   5
 12   6
 12   7
 12   9
 12   10
 12   13
 12   14
 12   16
 12   17
 12   19
 13   2
 13   5
 13   6
 13   7
 13   12
 13   16
 14   2
 14   5
 14   6
 14   7
 14   12
 14   16
 14   17
 14   19
 15   1
 15   3
 15   8
 15   9
 15   10
 15   11
 15   18
 16   2
 16   5
 16   6
 16   7
 16   9
 16   12
 16   13
 16   14
 16   17
 16   19
 17   5
 17   6
 17   7
 17   12
 17   14
 17   16
 17   19
 18   1
 18   3
 18   4
 18   9
 18   10
 18   11
 18   15
 19   2
 19   5
 19   6
 19   12
 19   14
 19   16
 19   17
 20   1
 20   3
 20   4
 20   8
 20   9
 20   10
 20   11
