https://powcoder.com
代写代考加微信 powcoder
Assignment Project Exam Help
Add WeChat powcoder
https://powcoder.com
代写代考加微信 powcoder
Assignment Project Exam Help
Add WeChat powcoder
 1   6
 1   8
 1   9
 1   11
 1   12
 1   16
 1   19
 1   20
 2   3
 2   4
 2   5
 2   7
 2   13
 2   14
 2   15
 2   17
 2   20
 3   2
 3   4
 3   5
 3   10
 3   12
 3   13
 3   14
 3   15
 3   17
 4   2
 4   3
 4   5
 4   7
 4   10
 4   11
 4   13
 4   14
 4   15
 4   17
 5   2
 5   3
 5   4
 5   7
 5   9
 5   10
 5   13
 5   14
 5   15
 5   19
 6   1
 6   8
 6   9
 6   11
 6   12
 6   16
 6   18
 6   19
 7   2
 7   4
 7   5
 7   10
 7   13
 7   15
 7   17
 8   1
 8   6
 8   9
 8   12
 8   13
 8   16
 8   18
 8   19
 8   20
 9   1
 9   5
 9   6
 9   8
 9   11
 9   12
 9   16
 9   19
 9   20
 10   3
 10   4
 10   5
 10   7
 10   13
 10   14
 10   15
 10   17
 11   1
 11   4
 11   6
 11   9
 11   16
 11   18
 11   19
 11   20
 12   1
 12   3
 12   6
 12   8
 12   9
 12   15
 12   16
 12   18
 12   19
 13   2
 13   3
 13   4
 13   5
 13   7
 13   8
 13   10
 13   14
 13   15
 13   17
 14   2
 14   3
 14   4
 14   5
 14   10
 14   13
 14   15
 14   17
 14   18
 15   2
 15   3
 15   4
 15   5
 15   7
 15   10
 15   12
 15   13
 15   14
 15   17
 16   1
 16   6
 16   8
 16   9
 16   11
 16   12
 16   18
 16   19
 16   20
 17   2
 17   3
 17   4
 17   7
 17   10
 17   13
 17   14
 17   15
 18   6
 18   8
 18   11
 18   12
 18   14
 18   16
 18   19
 18   20
 19   1
 19   5
 19   6
 19   8
 19   9
 19   11
 19   12
 19   16
 19   18
 19   20
 20   1
 20   2
 20   8
 20   9
 20   11
 20   16
 20   18
 20   19
