https://powcoder.com
代写代考加微信 powcoder
Assignment Project Exam Help
Add WeChat powcoder
https://powcoder.com
代写代考加微信 powcoder
Assignment Project Exam Help
Add WeChat powcoder
 1   3
 1   4
 1   5
 1   6
 1   7
 1   8
 1   11
 1   12
 1   19
 2   5
 2   13
 2   14
 2   15
 2   16
 2   17
 2   18
 2   20
 3   1
 3   6
 3   7
 3   8
 3   9
 3   11
 3   13
 3   19
 4   1
 4   6
 4   9
 4   11
 4   12
 4   15
 4   19
 5   1
 5   2
 5   9
 5   10
 5   14
 5   15
 5   16
 5   17
 5   18
 5   20
 6   1
 6   3
 6   4
 6   7
 6   8
 6   9
 6   11
 6   12
 6   17
 6   19
 7   1
 7   3
 7   6
 7   8
 7   9
 7   11
 7   12
 7   19
 8   1
 8   3
 8   6
 8   7
 8   9
 8   11
 8   12
 8   16
 8   19
 9   3
 9   4
 9   5
 9   6
 9   7
 9   8
 9   11
 9   19
 10   5
 10   13
 10   14
 10   15
 10   16
 10   17
 10   18
 10   20
 11   1
 11   3
 11   4
 11   6
 11   7
 11   8
 11   9
 11   12
 11   19
 12   1
 12   4
 12   6
 12   7
 12   8
 12   11
 12   19
 13   2
 13   3
 13   10
 13   14
 13   15
 13   16
 13   17
 13   18
 13   20
 14   2
 14   5
 14   10
 14   13
 14   15
 14   17
 14   18
 14   20
 15   2
 15   4
 15   5
 15   10
 15   13
 15   14
 15   16
 15   17
 15   18
 15   20
 16   2
 16   5
 16   8
 16   10
 16   13
 16   15
 16   17
 16   18
 16   20
 17   2
 17   5
 17   6
 17   10
 17   13
 17   14
 17   15
 17   16
 17   18
 17   20
 18   2
 18   5
 18   10
 18   13
 18   14
 18   15
 18   16
 18   17
 18   19
 18   20
 19   1
 19   3
 19   4
 19   6
 19   7
 19   8
 19   9
 19   11
 19   12
 19   18
 19   20
 20   2
 20   5
 20   10
 20   13
 20   14
 20   15
 20   16
 20   17
 20   18
 20   19
