https://powcoder.com
代写代考加微信 powcoder
Assignment Project Exam Help
Add WeChat powcoder
https://powcoder.com
代写代考加微信 powcoder
Assignment Project Exam Help
Add WeChat powcoder
 1   2
 1   4
 1   5
 1   6
 1   9
 1   12
 1   13
 1   19
 1   20
 2   1
 2   3
 2   4
 2   8
 2   10
 2   11
 2   16
 2   17
 2   18
 3   2
 3   7
 3   8
 3   10
 3   11
 3   14
 3   15
 3   16
 3   17
 3   18
 3   20
 4   1
 4   2
 4   5
 4   6
 4   7
 4   9
 4   12
 4   17
 4   19
 4   20
 5   1
 5   4
 5   6
 5   9
 5   12
 5   13
 5   17
 5   19
 6   1
 6   4
 6   5
 6   7
 6   9
 6   12
 6   13
 6   19
 6   20
 7   3
 7   4
 7   6
 7   8
 7   9
 7   12
 7   13
 7   19
 7   20
 8   2
 8   3
 8   7
 8   10
 8   15
 8   16
 8   17
 8   18
 9   1
 9   4
 9   5
 9   6
 9   7
 9   12
 9   13
 9   19
 9   20
 10   2
 10   3
 10   8
 10   11
 10   14
 10   15
 10   16
 10   17
 10   18
 10   20
 11   2
 11   3
 11   10
 11   14
 11   15
 11   16
 11   17
 11   18
 12   1
 12   4
 12   5
 12   6
 12   7
 12   9
 12   13
 12   19
 12   20
 13   1
 13   5
 13   6
 13   7
 13   9
 13   12
 13   19
 13   20
 14   3
 14   10
 14   11
 14   15
 14   16
 14   17
 14   18
 15   3
 15   8
 15   10
 15   11
 15   14
 15   16
 15   17
 15   18
 16   2
 16   3
 16   8
 16   10
 16   11
 16   14
 16   15
 16   17
 16   18
 17   2
 17   3
 17   4
 17   5
 17   8
 17   10
 17   11
 17   14
 17   15
 17   16
 17   18
 18   2
 18   3
 18   8
 18   10
 18   11
 18   14
 18   15
 18   16
 18   17
 19   1
 19   4
 19   5
 19   6
 19   7
 19   9
 19   12
 19   13
 19   20
 20   1
 20   3
 20   4
 20   6
 20   7
 20   9
 20   10
 20   12
 20   13
 20   19
