https://powcoder.com
代写代考加微信 powcoder
Assignment Project Exam Help
Add WeChat powcoder
https://powcoder.com
代写代考加微信 powcoder
Assignment Project Exam Help
Add WeChat powcoder
 1   3
 1   9
 1   11
 1   12
 1   13
 1   14
 1   16
 1   18
 1   19
 1   20
 2   4
 2   5
 2   6
 2   7
 2   8
 2   10
 2   11
 2   15
 2   18
 3   1
 3   6
 3   9
 3   12
 3   13
 3   14
 3   16
 3   19
 3   20
 4   2
 4   5
 4   7
 4   8
 4   10
 4   11
 4   16
 4   18
 4   20
 5   2
 5   4
 5   6
 5   7
 5   8
 5   10
 5   11
 5   15
 5   18
 6   2
 6   3
 6   5
 6   8
 6   11
 6   18
 7   2
 7   4
 7   5
 7   8
 7   10
 7   11
 7   15
 7   18
 7   19
 8   2
 8   4
 8   5
 8   6
 8   7
 8   10
 8   11
 8   17
 8   18
 9   1
 9   3
 9   13
 9   14
 9   17
 9   19
 9   20
 10   2
 10   4
 10   5
 10   7
 10   8
 10   11
 10   12
 10   15
 10   18
 11   1
 11   2
 11   4
 11   5
 11   6
 11   7
 11   8
 11   10
 11   15
 11   18
 12   1
 12   3
 12   10
 12   13
 12   14
 12   16
 12   17
 12   20
 13   1
 13   3
 13   9
 13   12
 13   14
 13   16
 13   17
 13   19
 13   20
 14   1
 14   3
 14   9
 14   12
 14   13
 14   16
 14   17
 14   19
 14   20
 15   2
 15   5
 15   7
 15   10
 15   11
 15   18
 16   1
 16   3
 16   4
 16   12
 16   13
 16   14
 16   17
 16   19
 16   20
 17   8
 17   9
 17   12
 17   13
 17   14
 17   16
 17   19
 17   20
 18   1
 18   2
 18   4
 18   5
 18   6
 18   7
 18   8
 18   10
 18   11
 18   15
 19   1
 19   3
 19   7
 19   9
 19   13
 19   14
 19   16
 19   17
 19   20
 20   1
 20   3
 20   4
 20   9
 20   12
 20   13
 20   14
 20   16
 20   17
 20   19
