https://powcoder.com
代写代考加微信 powcoder
Assignment Project Exam Help
Add WeChat powcoder
https://powcoder.com
代写代考加微信 powcoder
Assignment Project Exam Help
Add WeChat powcoder
 1   2
 1   4
 1   7
 1   9
 1   11
 1   15
 1   18
 1   20
 2   1
 2   4
 2   7
 2   8
 2   9
 2   11
 2   12
 2   15
 2   18
 2   20
 3   5
 3   6
 3   8
 3   10
 3   11
 3   13
 3   14
 3   16
 3   17
 3   19
 4   1
 4   2
 4   7
 4   9
 4   11
 4   12
 4   15
 4   18
 4   20
 5   3
 5   6
 5   8
 5   10
 5   13
 5   14
 5   16
 5   17
 5   19
 6   3
 6   5
 6   8
 6   10
 6   13
 6   14
 6   16
 6   17
 6   19
 7   1
 7   2
 7   4
 7   9
 7   11
 7   12
 7   14
 7   15
 7   18
 7   20
 8   2
 8   3
 8   5
 8   6
 8   10
 8   12
 8   13
 8   14
 8   16
 8   17
 8   19
 9   1
 9   2
 9   4
 9   7
 9   11
 9   12
 9   15
 9   18
 9   20
 10   3
 10   5
 10   6
 10   8
 10   13
 10   14
 10   16
 10   19
 11   1
 11   2
 11   3
 11   4
 11   7
 11   9
 11   12
 11   15
 11   17
 11   18
 11   20
 12   2
 12   4
 12   7
 12   8
 12   9
 12   11
 12   15
 12   18
 12   20
 13   3
 13   5
 13   6
 13   8
 13   10
 13   14
 13   15
 13   16
 13   19
 14   3
 14   5
 14   6
 14   7
 14   8
 14   10
 14   13
 14   16
 14   17
 14   19
 14   20
 15   1
 15   2
 15   4
 15   7
 15   9
 15   11
 15   12
 15   13
 15   16
 15   18
 15   20
 16   3
 16   5
 16   6
 16   8
 16   10
 16   13
 16   14
 16   15
 16   17
 17   3
 17   5
 17   6
 17   8
 17   11
 17   14
 17   16
 17   19
 18   1
 18   2
 18   4
 18   7
 18   9
 18   11
 18   12
 18   15
 18   20
 19   3
 19   5
 19   6
 19   8
 19   10
 19   13
 19   14
 19   17
 20   1
 20   2
 20   4
 20   7
 20   9
 20   11
 20   12
 20   14
 20   15
 20   18
