https://powcoder.com
代写代考加微信 powcoder
Assignment Project Exam Help
Add WeChat powcoder
https://powcoder.com
代写代考加微信 powcoder
Assignment Project Exam Help
Add WeChat powcoder
 1   4
 1   5
 1   6
 1   10
 1   11
 1   12
 1   13
 1   16
 2   3
 2   5
 2   7
 2   8
 2   9
 2   13
 2   14
 2   15
 2   17
 2   19
 3   2
 3   7
 3   8
 3   9
 3   13
 3   14
 3   15
 3   17
 3   18
 3   19
 4   1
 4   5
 4   6
 4   9
 4   10
 4   11
 4   12
 4   16
 4   18
 4   20
 5   1
 5   2
 5   4
 5   6
 5   10
 5   11
 5   12
 5   16
 5   18
 5   20
 6   1
 6   4
 6   5
 6   10
 6   11
 6   12
 6   15
 6   16
 6   18
 6   20
 7   2
 7   3
 7   8
 7   9
 7   13
 7   14
 7   17
 7   19
 7   20
 8   2
 8   3
 8   7
 8   9
 8   13
 8   14
 8   15
 8   17
 8   19
 9   2
 9   3
 9   4
 9   7
 9   8
 9   13
 9   14
 9   15
 9   17
 9   19
 10   1
 10   4
 10   5
 10   6
 10   11
 10   16
 10   18
 10   20
 11   1
 11   4
 11   5
 11   6
 11   10
 11   12
 11   15
 11   16
 11   18
 11   20
 12   1
 12   4
 12   5
 12   6
 12   11
 12   16
 12   18
 12   20
 13   1
 13   2
 13   3
 13   7
 13   8
 13   9
 13   14
 13   15
 13   17
 13   19
 14   2
 14   3
 14   7
 14   8
 14   9
 14   13
 14   15
 14   17
 15   2
 15   3
 15   6
 15   8
 15   9
 15   11
 15   13
 15   14
 15   17
 15   19
 16   1
 16   4
 16   5
 16   6
 16   10
 16   11
 16   12
 16   18
 16   20
 17   2
 17   3
 17   7
 17   8
 17   9
 17   13
 17   14
 17   15
 17   19
 18   3
 18   4
 18   5
 18   6
 18   10
 18   11
 18   12
 18   16
 18   19
 18   20
 19   2
 19   3
 19   7
 19   8
 19   9
 19   13
 19   15
 19   17
 19   18
 20   4
 20   5
 20   6
 20   7
 20   10
 20   11
 20   12
 20   16
 20   18
