https://powcoder.com
代写代考加微信 powcoder
Assignment Project Exam Help
Add WeChat powcoder
https://powcoder.com
代写代考加微信 powcoder
Assignment Project Exam Help
Add WeChat powcoder
 1   2
 1   5
 1   8
 1   10
 1   12
 1   14
 1   18
 1   20
 2   1
 2   3
 2   5
 2   8
 2   10
 2   12
 2   14
 2   18
 2   20
 3   2
 3   4
 3   8
 3   9
 3   10
 3   12
 3   14
 3   18
 3   20
 4   3
 4   6
 4   7
 4   9
 4   11
 4   13
 4   15
 4   16
 4   17
 4   19
 5   1
 5   2
 5   8
 5   9
 5   10
 5   12
 5   14
 5   18
 5   20
 6   4
 6   7
 6   9
 6   11
 6   13
 6   15
 6   16
 6   17
 6   19
 7   4
 7   6
 7   9
 7   11
 7   13
 7   16
 7   17
 7   19
 7   20
 8   1
 8   2
 8   3
 8   5
 8   10
 8   12
 8   18
 8   20
 9   3
 9   4
 9   5
 9   6
 9   7
 9   11
 9   13
 9   14
 9   15
 9   16
 9   17
 9   19
 10   1
 10   2
 10   3
 10   5
 10   8
 10   12
 10   14
 10   18
 11   4
 11   6
 11   7
 11   9
 11   13
 11   15
 11   16
 11   17
 12   1
 12   2
 12   3
 12   5
 12   8
 12   10
 12   14
 12   16
 12   20
 13   4
 13   6
 13   7
 13   9
 13   11
 13   15
 13   16
 13   17
 13   19
 14   1
 14   2
 14   3
 14   5
 14   9
 14   10
 14   12
 14   18
 14   20
 15   4
 15   6
 15   9
 15   11
 15   13
 15   16
 15   17
 15   19
 16   4
 16   6
 16   7
 16   9
 16   11
 16   12
 16   13
 16   15
 16   17
 16   19
 16   20
 17   4
 17   6
 17   7
 17   9
 17   11
 17   13
 17   15
 17   16
 17   19
 18   1
 18   2
 18   3
 18   5
 18   8
 18   10
 18   14
 19   4
 19   6
 19   7
 19   9
 19   13
 19   15
 19   16
 19   17
 19   20
 20   1
 20   2
 20   3
 20   5
 20   7
 20   8
 20   12
 20   14
 20   16
 20   19
