https://powcoder.com
代写代考加微信 powcoder
Assignment Project Exam Help
Add WeChat powcoder
https://powcoder.com
代写代考加微信 powcoder
Assignment Project Exam Help
Add WeChat powcoder
 1   3
 1   5
 1   6
 1   7
 1   8
 1   9
 1   10
 1   13
 1   16
 1   19
 2   4
 2   11
 2   12
 2   14
 2   15
 2   17
 2   18
 2   20
 3   1
 3   6
 3   7
 3   8
 3   9
 3   10
 3   13
 3   16
 3   19
 3   20
 4   2
 4   5
 4   11
 4   12
 4   14
 4   15
 4   17
 4   18
 4   20
 5   1
 5   4
 5   11
 5   12
 5   15
 5   17
 5   20
 6   1
 6   3
 6   7
 6   8
 6   9
 6   10
 6   13
 6   16
 6   19
 7   1
 7   3
 7   6
 7   8
 7   9
 7   10
 7   16
 7   19
 8   1
 8   3
 8   6
 8   7
 8   9
 8   10
 8   13
 8   16
 8   17
 8   19
 9   1
 9   3
 9   6
 9   7
 9   8
 9   10
 9   12
 9   13
 9   16
 9   19
 10   1
 10   3
 10   6
 10   7
 10   8
 10   9
 10   11
 10   13
 10   15
 10   16
 10   19
 11   2
 11   4
 11   5
 11   10
 11   12
 11   14
 11   15
 11   17
 11   18
 11   20
 12   2
 12   4
 12   5
 12   9
 12   11
 12   14
 12   15
 12   17
 12   18
 12   20
 13   1
 13   3
 13   6
 13   8
 13   9
 13   10
 13   14
 13   16
 13   19
 14   2
 14   4
 14   11
 14   12
 14   13
 14   15
 14   17
 14   18
 14   20
 15   2
 15   4
 15   5
 15   10
 15   11
 15   12
 15   14
 15   18
 15   20
 16   1
 16   3
 16   6
 16   7
 16   8
 16   9
 16   10
 16   13
 16   19
 17   2
 17   4
 17   5
 17   8
 17   11
 17   12
 17   14
 17   18
 17   19
 17   20
 18   2
 18   4
 18   11
 18   12
 18   14
 18   15
 18   17
 18   20
 19   1
 19   3
 19   6
 19   7
 19   8
 19   9
 19   10
 19   13
 19   16
 19   17
 20   2
 20   3
 20   4
 20   5
 20   11
 20   12
 20   14
 20   15
 20   17
 20   18
