https://powcoder.com
代写代考加微信 powcoder
Assignment Project Exam Help
Add WeChat powcoder
https://powcoder.com
代写代考加微信 powcoder
Assignment Project Exam Help
Add WeChat powcoder
 1   3
 1   4
 1   5
 1   6
 1   8
 1   11
 1   12
 1   16
 1   18
 1   19
 1   20
 2   5
 2   6
 2   7
 2   9
 2   10
 2   13
 2   17
 3   1
 3   5
 3   10
 3   11
 3   12
 3   16
 3   18
 3   19
 3   20
 4   1
 4   8
 4   12
 4   16
 4   18
 4   19
 4   20
 5   1
 5   2
 5   3
 5   6
 5   7
 5   9
 5   14
 5   15
 5   17
 6   1
 6   2
 6   5
 6   7
 6   9
 6   10
 6   13
 6   14
 6   15
 6   16
 6   17
 7   2
 7   5
 7   6
 7   9
 7   10
 7   13
 7   14
 7   15
 7   17
 8   1
 8   4
 8   12
 8   16
 8   18
 8   20
 9   2
 9   5
 9   6
 9   7
 9   10
 9   13
 9   14
 9   15
 9   17
 10   2
 10   3
 10   6
 10   7
 10   9
 10   13
 10   14
 10   15
 10   16
 10   17
 11   1
 11   3
 11   12
 11   16
 11   18
 11   19
 12   1
 12   3
 12   4
 12   8
 12   11
 12   16
 12   18
 12   19
 12   20
 13   2
 13   6
 13   7
 13   9
 13   10
 13   14
 13   15
 13   17
 14   5
 14   6
 14   7
 14   9
 14   10
 14   13
 14   15
 14   17
 15   5
 15   6
 15   7
 15   9
 15   10
 15   13
 15   14
 15   17
 16   1
 16   3
 16   4
 16   6
 16   8
 16   10
 16   11
 16   12
 16   18
 16   19
 16   20
 17   2
 17   5
 17   6
 17   7
 17   9
 17   10
 17   13
 17   14
 17   15
 18   1
 18   3
 18   4
 18   8
 18   11
 18   12
 18   16
 18   19
 18   20
 19   1
 19   3
 19   4
 19   11
 19   12
 19   16
 19   18
 19   20
 20   1
 20   3
 20   4
 20   8
 20   12
 20   16
 20   18
 20   19
