https://powcoder.com
代写代考加微信 powcoder
Assignment Project Exam Help
Add WeChat powcoder
https://powcoder.com
代写代考加微信 powcoder
Assignment Project Exam Help
Add WeChat powcoder
 1   2
 1   3
 1   5
 1   6
 1   8
 1   9
 1   10
 1   11
 1   13
 1   15
 1   17
 2   1
 2   4
 2   7
 2   12
 2   14
 2   16
 2   18
 2   19
 2   20
 3   1
 3   6
 3   8
 3   9
 3   10
 3   11
 3   13
 3   15
 3   17
 4   2
 4   5
 4   10
 4   12
 4   14
 4   16
 4   18
 4   19
 5   1
 5   4
 5   7
 5   12
 5   16
 5   18
 5   19
 6   1
 6   3
 6   8
 6   9
 6   10
 6   11
 6   13
 6   15
 6   17
 7   2
 7   5
 7   11
 7   12
 7   14
 7   16
 7   18
 7   20
 8   1
 8   3
 8   6
 8   9
 8   10
 8   11
 8   13
 8   15
 8   17
 8   20
 9   1
 9   3
 9   6
 9   8
 9   10
 9   11
 9   13
 9   14
 9   15
 9   17
 10   1
 10   3
 10   4
 10   6
 10   8
 10   9
 10   13
 10   15
 10   17
 11   1
 11   3
 11   6
 11   7
 11   8
 11   9
 11   13
 11   15
 11   17
 12   2
 12   4
 12   5
 12   7
 12   14
 12   16
 12   18
 12   19
 12   20
 13   1
 13   3
 13   6
 13   8
 13   9
 13   10
 13   11
 13   14
 13   15
 14   2
 14   4
 14   7
 14   9
 14   12
 14   13
 14   16
 14   18
 14   19
 14   20
 15   1
 15   3
 15   6
 15   8
 15   9
 15   10
 15   11
 15   13
 15   17
 16   2
 16   4
 16   5
 16   7
 16   12
 16   14
 16   19
 17   1
 17   3
 17   6
 17   8
 17   9
 17   10
 17   11
 17   15
 17   19
 18   2
 18   4
 18   5
 18   7
 18   12
 18   14
 18   19
 18   20
 19   2
 19   4
 19   5
 19   12
 19   14
 19   16
 19   17
 19   18
 19   20
 20   2
 20   7
 20   8
 20   12
 20   14
 20   18
 20   19
