https://powcoder.com
代写代考加微信 powcoder
Assignment Project Exam Help
Add WeChat powcoder
https://powcoder.com
代写代考加微信 powcoder
Assignment Project Exam Help
Add WeChat powcoder
 1   3
 1   7
 1   12
 1   14
 1   15
 1   16
 1   19
 2   5
 2   6
 2   8
 2   10
 2   11
 2   13
 2   17
 2   18
 2   20
 3   1
 3   4
 3   7
 3   9
 3   12
 3   14
 3   15
 3   16
 3   18
 3   19
 4   3
 4   5
 4   7
 4   12
 4   14
 4   15
 4   16
 4   19
 5   2
 5   4
 5   6
 5   8
 5   10
 5   11
 5   13
 5   14
 5   18
 5   20
 6   2
 6   5
 6   8
 6   10
 6   11
 6   12
 6   13
 6   17
 6   20
 7   1
 7   3
 7   4
 7   9
 7   12
 7   14
 7   15
 7   16
 7   19
 8   2
 8   5
 8   6
 8   10
 8   11
 8   13
 8   17
 8   18
 8   20
 9   3
 9   7
 9   12
 9   13
 9   14
 9   15
 9   19
 10   2
 10   5
 10   6
 10   8
 10   11
 10   12
 10   18
 10   20
 11   2
 11   5
 11   6
 11   8
 11   10
 11   13
 11   17
 11   18
 11   20
 12   1
 12   3
 12   4
 12   6
 12   7
 12   9
 12   10
 12   14
 12   15
 12   16
 12   19
 13   2
 13   5
 13   6
 13   8
 13   9
 13   11
 13   17
 13   18
 13   20
 14   1
 14   3
 14   4
 14   5
 14   7
 14   9
 14   12
 14   15
 14   16
 14   19
 15   1
 15   3
 15   4
 15   7
 15   9
 15   12
 15   14
 15   16
 15   19
 16   1
 16   3
 16   4
 16   7
 16   12
 16   14
 16   15
 16   19
 16   20
 17   2
 17   6
 17   8
 17   11
 17   13
 17   18
 17   19
 17   20
 18   2
 18   3
 18   5
 18   8
 18   10
 18   11
 18   13
 18   17
 18   20
 19   1
 19   3
 19   4
 19   7
 19   9
 19   12
 19   14
 19   15
 19   16
 19   17
 20   2
 20   5
 20   6
 20   8
 20   10
 20   11
 20   13
 20   16
 20   17
 20   18
