https://powcoder.com
代写代考加微信 powcoder
Assignment Project Exam Help
Add WeChat powcoder
https://powcoder.com
代写代考加微信 powcoder
Assignment Project Exam Help
Add WeChat powcoder
 1   2
 1   4
 1   5
 1   14
 1   15
 1   16
 1   18
 1   19
 1   20
 2   1
 2   3
 2   4
 2   5
 2   7
 2   10
 2   14
 2   15
 2   16
 2   18
 2   19
 3   2
 3   6
 3   7
 3   8
 3   9
 3   10
 3   11
 3   12
 3   13
 3   17
 4   1
 4   2
 4   5
 4   14
 4   15
 4   16
 4   18
 4   19
 4   20
 5   1
 5   2
 5   4
 5   9
 5   13
 5   14
 5   15
 5   16
 5   18
 5   20
 6   3
 6   7
 6   8
 6   9
 6   10
 6   11
 6   12
 6   13
 6   17
 7   2
 7   3
 7   6
 7   8
 7   9
 7   10
 7   11
 7   12
 7   13
 7   17
 8   3
 8   6
 8   7
 8   9
 8   10
 8   11
 8   12
 8   13
 8   17
 9   3
 9   5
 9   6
 9   7
 9   8
 9   10
 9   11
 9   12
 9   13
 9   15
 9   17
 9   18
 10   2
 10   3
 10   6
 10   7
 10   8
 10   9
 10   11
 10   13
 10   17
 10   19
 11   3
 11   6
 11   7
 11   8
 11   9
 11   10
 11   12
 11   13
 11   17
 12   3
 12   6
 12   7
 12   8
 12   9
 12   11
 12   13
 12   17
 13   3
 13   5
 13   6
 13   7
 13   8
 13   9
 13   10
 13   11
 13   12
 13   17
 14   1
 14   2
 14   4
 14   5
 14   15
 14   16
 14   18
 14   19
 14   20
 15   1
 15   2
 15   4
 15   5
 15   9
 15   14
 15   16
 15   18
 15   19
 15   20
 16   1
 16   2
 16   4
 16   5
 16   14
 16   15
 16   18
 16   19
 17   3
 17   6
 17   7
 17   8
 17   9
 17   10
 17   11
 17   12
 17   13
 18   1
 18   2
 18   4
 18   5
 18   9
 18   14
 18   15
 18   16
 18   19
 18   20
 19   1
 19   2
 19   4
 19   10
 19   14
 19   15
 19   16
 19   18
 19   20
 20   1
 20   4
 20   5
 20   14
 20   15
 20   18
 20   19
