https://powcoder.com
代写代考加微信 powcoder
Assignment Project Exam Help
Add WeChat powcoder
https://powcoder.com
代写代考加微信 powcoder
Assignment Project Exam Help
Add WeChat powcoder
 1   4
 1   5
 1   6
 1   9
 1   10
 1   11
 1   12
 1   19
 2   3
 2   7
 2   8
 2   9
 2   13
 2   14
 2   15
 2   17
 2   18
 3   2
 3   7
 3   8
 3   14
 3   15
 3   17
 3   20
 4   1
 4   5
 4   6
 4   10
 4   11
 4   12
 4   16
 4   19
 5   1
 5   4
 5   6
 5   8
 5   9
 5   10
 5   11
 5   12
 5   16
 5   19
 6   1
 6   4
 6   5
 6   9
 6   10
 6   11
 6   12
 6   16
 6   19
 6   20
 7   2
 7   3
 7   8
 7   13
 7   14
 7   15
 7   17
 7   18
 7   20
 8   2
 8   3
 8   5
 8   7
 8   13
 8   14
 8   15
 8   17
 8   18
 8   20
 9   1
 9   2
 9   5
 9   6
 9   11
 9   12
 9   16
 9   18
 9   19
 10   1
 10   4
 10   5
 10   6
 10   11
 10   12
 10   16
 10   19
 11   1
 11   4
 11   5
 11   6
 11   9
 11   10
 11   12
 11   19
 12   1
 12   4
 12   5
 12   6
 12   9
 12   10
 12   11
 12   16
 12   19
 12   20
 13   2
 13   7
 13   8
 13   14
 13   15
 13   17
 13   18
 13   19
 13   20
 14   2
 14   3
 14   7
 14   8
 14   13
 14   15
 14   17
 14   18
 14   20
 15   2
 15   3
 15   7
 15   8
 15   13
 15   14
 15   17
 15   18
 15   20
 16   4
 16   5
 16   6
 16   9
 16   10
 16   12
 16   19
 17   2
 17   3
 17   7
 17   8
 17   13
 17   14
 17   15
 17   18
 17   20
 18   2
 18   7
 18   8
 18   9
 18   13
 18   14
 18   15
 18   17
 19   1
 19   4
 19   5
 19   6
 19   9
 19   10
 19   11
 19   12
 19   13
 19   16
 20   3
 20   6
 20   7
 20   8
 20   12
 20   13
 20   14
 20   15
 20   17
