https://powcoder.com
代写代考加微信 powcoder
Assignment Project Exam Help
Add WeChat powcoder
https://powcoder.com
代写代考加微信 powcoder
Assignment Project Exam Help
Add WeChat powcoder
 1   7
 1   8
 1   9
 1   10
 1   12
 1   13
 1   14
 1   15
 1   20
 2   3
 2   5
 2   6
 2   11
 2   16
 2   17
 2   19
 3   2
 3   4
 3   6
 3   7
 3   11
 3   16
 3   19
 4   3
 4   5
 4   6
 4   7
 4   11
 4   16
 4   17
 4   19
 5   2
 5   4
 5   6
 5   7
 5   11
 5   12
 5   16
 5   17
 5   19
 6   2
 6   3
 6   4
 6   5
 6   7
 6   11
 6   16
 6   17
 6   19
 7   1
 7   3
 7   4
 7   5
 7   6
 7   11
 7   17
 8   1
 8   9
 8   12
 8   13
 8   14
 8   15
 8   18
 8   20
 9   1
 9   8
 9   10
 9   12
 9   13
 9   14
 9   15
 9   17
 9   18
 9   20
 10   1
 10   9
 10   12
 10   13
 10   14
 10   15
 10   16
 10   18
 10   20
 11   2
 11   3
 11   4
 11   5
 11   6
 11   7
 11   13
 11   16
 11   17
 11   19
 12   1
 12   5
 12   8
 12   9
 12   10
 12   13
 12   14
 12   15
 12   18
 12   20
 13   1
 13   8
 13   9
 13   10
 13   11
 13   12
 13   15
 13   17
 13   18
 13   20
 14   1
 14   8
 14   9
 14   10
 14   12
 14   15
 14   18
 14   20
 15   1
 15   8
 15   9
 15   10
 15   12
 15   13
 15   14
 15   18
 15   20
 16   2
 16   3
 16   4
 16   5
 16   6
 16   10
 16   11
 16   17
 16   20
 17   2
 17   4
 17   5
 17   6
 17   7
 17   9
 17   11
 17   13
 17   16
 17   19
 18   8
 18   9
 18   10
 18   12
 18   13
 18   14
 18   15
 18   20
 19   2
 19   3
 19   4
 19   5
 19   6
 19   11
 19   17
 19   20
 20   1
 20   8
 20   9
 20   10
 20   12
 20   13
 20   14
 20   15
 20   16
 20   18
 20   19
