https://powcoder.com
代写代考加微信 powcoder
Assignment Project Exam Help
Add WeChat powcoder
https://powcoder.com
代写代考加微信 powcoder
Assignment Project Exam Help
Add WeChat powcoder
 1   5
 1   6
 1   9
 1   10
 1   11
 1   13
 1   15
 1   16
 1   20
 2   3
 2   4
 2   5
 2   8
 2   10
 2   11
 2   12
 2   14
 2   17
 2   18
 2   19
 2   20
 3   2
 3   8
 3   10
 3   12
 3   14
 3   16
 3   17
 3   18
 3   19
 4   2
 4   8
 4   10
 4   12
 4   14
 4   16
 4   17
 4   18
 4   19
 5   1
 5   2
 5   6
 5   7
 5   9
 5   11
 5   13
 5   15
 5   16
 5   20
 6   1
 6   5
 6   7
 6   9
 6   11
 6   13
 6   15
 6   20
 7   5
 7   6
 7   9
 7   11
 7   15
 7   16
 7   18
 7   20
 8   2
 8   3
 8   4
 8   10
 8   12
 8   14
 8   17
 8   18
 8   19
 9   1
 9   5
 9   6
 9   7
 9   11
 9   13
 9   15
 9   16
 9   20
 10   1
 10   2
 10   3
 10   4
 10   8
 10   12
 10   14
 10   17
 10   18
 10   19
 11   1
 11   2
 11   5
 11   6
 11   7
 11   9
 11   13
 11   15
 11   16
 11   20
 12   2
 12   3
 12   4
 12   8
 12   10
 12   14
 12   17
 12   18
 12   19
 13   1
 13   5
 13   6
 13   9
 13   11
 13   15
 13   16
 13   20
 14   2
 14   3
 14   4
 14   8
 14   10
 14   12
 14   17
 14   18
 14   19
 15   1
 15   5
 15   6
 15   7
 15   9
 15   11
 15   13
 15   16
 15   20
 16   1
 16   3
 16   4
 16   5
 16   7
 16   9
 16   11
 16   13
 16   15
 16   19
 16   20
 17   2
 17   3
 17   4
 17   8
 17   10
 17   12
 17   14
 17   18
 17   19
 18   2
 18   3
 18   4
 18   7
 18   8
 18   10
 18   12
 18   14
 18   17
 18   19
 19   2
 19   3
 19   4
 19   8
 19   10
 19   12
 19   14
 19   16
 19   17
 19   18
 20   1
 20   2
 20   5
 20   6
 20   7
 20   9
 20   11
 20   13
 20   15
 20   16
