https://powcoder.com
代写代考加微信 powcoder
Assignment Project Exam Help
Add WeChat powcoder
https://powcoder.com
代写代考加微信 powcoder
Assignment Project Exam Help
Add WeChat powcoder
 1   2
 1   3
 1   4
 1   9
 1   10
 1   11
 1   12
 1   13
 1   14
 1   20
 2   1
 2   3
 2   9
 2   10
 2   11
 2   12
 2   13
 2   14
 2   20
 3   1
 3   2
 3   9
 3   10
 3   11
 3   13
 3   17
 3   20
 4   1
 4   5
 4   6
 4   7
 4   8
 4   15
 4   17
 4   18
 4   19
 5   4
 5   7
 5   8
 5   14
 5   15
 5   17
 5   18
 5   19
 6   4
 6   7
 6   8
 6   15
 6   16
 6   17
 6   18
 6   19
 7   4
 7   5
 7   6
 7   8
 7   15
 7   16
 7   17
 7   18
 8   4
 8   5
 8   6
 8   7
 8   9
 8   15
 8   16
 8   17
 8   18
 8   19
 9   1
 9   2
 9   3
 9   8
 9   10
 9   11
 9   13
 9   14
 9   19
 9   20
 10   1
 10   2
 10   3
 10   9
 10   11
 10   12
 10   13
 10   14
 10   20
 11   1
 11   2
 11   3
 11   9
 11   10
 11   12
 11   13
 11   14
 11   20
 12   1
 12   2
 12   10
 12   11
 12   13
 12   14
 12   15
 12   20
 13   1
 13   2
 13   3
 13   9
 13   10
 13   11
 13   12
 13   18
 13   20
 14   1
 14   2
 14   5
 14   9
 14   10
 14   11
 14   12
 14   20
 15   4
 15   5
 15   6
 15   7
 15   8
 15   12
 15   16
 15   17
 15   18
 15   19
 15   20
 16   6
 16   7
 16   8
 16   15
 16   17
 16   18
 16   19
 17   3
 17   4
 17   5
 17   6
 17   7
 17   8
 17   15
 17   16
 17   18
 17   19
 18   4
 18   5
 18   6
 18   7
 18   8
 18   13
 18   15
 18   16
 18   17
 18   19
 19   4
 19   5
 19   6
 19   8
 19   9
 19   15
 19   16
 19   17
 19   18
 20   1
 20   2
 20   3
 20   9
 20   10
 20   11
 20   12
 20   13
 20   14
 20   15
