https://powcoder.com
代写代考加微信 powcoder
Assignment Project Exam Help
Add WeChat powcoder
https://powcoder.com
代写代考加微信 powcoder
Assignment Project Exam Help
Add WeChat powcoder
 1   4
 1   5
 1   9
 1   10
 1   11
 1   13
 1   19
 1   20
 2   3
 2   6
 2   7
 2   8
 2   12
 2   14
 2   15
 2   17
 2   18
 3   2
 3   6
 3   7
 3   8
 3   11
 3   12
 3   15
 3   17
 4   1
 4   9
 4   10
 4   11
 4   13
 4   16
 4   17
 4   19
 4   20
 5   1
 5   8
 5   9
 5   10
 5   11
 5   13
 5   16
 5   19
 5   20
 6   2
 6   3
 6   7
 6   8
 6   12
 6   14
 6   15
 6   18
 7   2
 7   3
 7   6
 7   12
 7   14
 7   15
 7   17
 7   18
 7   19
 8   2
 8   3
 8   5
 8   6
 8   10
 8   12
 8   14
 8   15
 8   17
 8   18
 9   1
 9   4
 9   5
 9   10
 9   11
 9   13
 9   16
 9   18
 9   19
 9   20
 10   1
 10   4
 10   5
 10   8
 10   9
 10   11
 10   13
 10   15
 10   16
 10   19
 10   20
 11   1
 11   3
 11   4
 11   5
 11   9
 11   10
 11   13
 11   16
 11   19
 11   20
 12   2
 12   3
 12   6
 12   7
 12   8
 12   15
 12   17
 12   18
 13   1
 13   4
 13   5
 13   9
 13   10
 13   11
 13   16
 13   19
 13   20
 14   2
 14   6
 14   7
 14   8
 14   15
 14   17
 14   18
 15   2
 15   3
 15   6
 15   7
 15   8
 15   10
 15   12
 15   14
 15   17
 16   4
 16   5
 16   9
 16   10
 16   11
 16   13
 16   19
 16   20
 17   2
 17   3
 17   4
 17   7
 17   8
 17   12
 17   14
 17   15
 17   18
 18   2
 18   6
 18   7
 18   8
 18   9
 18   12
 18   14
 18   17
 18   19
 19   1
 19   4
 19   5
 19   7
 19   9
 19   10
 19   11
 19   13
 19   16
 19   18
 19   20
 20   1
 20   4
 20   5
 20   9
 20   10
 20   11
 20   13
 20   16
 20   19
