https://powcoder.com
代写代考加微信 powcoder
Assignment Project Exam Help
Add WeChat powcoder
https://powcoder.com
代写代考加微信 powcoder
Assignment Project Exam Help
Add WeChat powcoder
 1   3
 1   7
 1   8
 1   10
 1   11
 1   12
 1   13
 1   14
 1   15
 1   19
 1   20
 2   4
 2   5
 2   6
 2   7
 2   9
 2   10
 2   13
 2   15
 2   16
 2   17
 2   18
 3   1
 3   8
 3   10
 3   11
 3   12
 3   14
 3   15
 3   17
 3   19
 4   2
 4   5
 4   7
 4   9
 4   13
 4   16
 4   17
 4   18
 5   2
 5   4
 5   6
 5   7
 5   9
 5   13
 5   16
 5   17
 5   18
 6   2
 6   5
 6   7
 6   9
 6   13
 6   16
 6   17
 6   18
 7   1
 7   2
 7   4
 7   5
 7   6
 7   9
 7   13
 7   17
 7   18
 8   1
 8   3
 8   10
 8   11
 8   12
 8   13
 8   15
 8   19
 8   20
 9   2
 9   4
 9   5
 9   6
 9   7
 9   13
 9   16
 9   17
 9   18
 10   1
 10   2
 10   3
 10   8
 10   11
 10   12
 10   14
 10   15
 10   19
 10   20
 11   1
 11   3
 11   8
 11   10
 11   12
 11   14
 11   19
 11   20
 12   1
 12   3
 12   8
 12   10
 12   11
 12   15
 12   16
 12   19
 12   20
 13   1
 13   2
 13   4
 13   5
 13   6
 13   7
 13   8
 13   9
 13   16
 13   18
 14   1
 14   3
 14   10
 14   11
 14   15
 14   19
 14   20
 15   1
 15   2
 15   3
 15   8
 15   10
 15   12
 15   14
 15   18
 15   19
 15   20
 16   2
 16   4
 16   5
 16   6
 16   9
 16   12
 16   13
 16   17
 16   18
 17   2
 17   3
 17   4
 17   5
 17   6
 17   7
 17   9
 17   16
 17   18
 18   2
 18   4
 18   5
 18   6
 18   7
 18   9
 18   13
 18   15
 18   16
 18   17
 19   1
 19   3
 19   8
 19   10
 19   11
 19   12
 19   14
 19   15
 19   20
 20   1
 20   8
 20   10
 20   11
 20   12
 20   14
 20   15
 20   19
