https://powcoder.com
代写代考加微信 powcoder
Assignment Project Exam Help
Add WeChat powcoder
https://powcoder.com
代写代考加微信 powcoder
Assignment Project Exam Help
Add WeChat powcoder
 1   2
 1   3
 1   4
 1   10
 1   11
 1   15
 1   17
 1   18
 1   19
 1   20
 2   1
 2   3
 2   5
 2   6
 2   7
 2   8
 2   9
 2   12
 2   14
 2   16
 2   20
 3   1
 3   2
 3   4
 3   10
 3   11
 3   15
 3   17
 3   18
 3   19
 3   20
 4   1
 4   3
 4   10
 4   11
 4   15
 4   17
 4   18
 4   19
 4   20
 5   2
 5   6
 5   7
 5   8
 5   12
 5   13
 5   14
 5   16
 5   20
 6   2
 6   5
 6   7
 6   8
 6   9
 6   12
 6   13
 6   14
 6   16
 7   2
 7   5
 7   6
 7   8
 7   9
 7   11
 7   12
 7   13
 7   14
 7   16
 8   2
 8   5
 8   6
 8   7
 8   9
 8   11
 8   12
 8   13
 8   14
 8   16
 8   18
 9   2
 9   6
 9   7
 9   8
 9   11
 9   12
 9   13
 9   14
 9   16
 10   1
 10   3
 10   4
 10   11
 10   15
 10   17
 10   18
 10   19
 10   20
 11   1
 11   3
 11   4
 11   7
 11   8
 11   9
 11   10
 11   15
 11   17
 11   18
 11   19
 11   20
 12   2
 12   5
 12   6
 12   7
 12   8
 12   9
 12   13
 12   14
 12   16
 13   5
 13   6
 13   7
 13   8
 13   9
 13   12
 13   14
 13   16
 14   2
 14   5
 14   6
 14   7
 14   8
 14   9
 14   12
 14   13
 14   16
 15   1
 15   3
 15   4
 15   10
 15   11
 15   17
 15   18
 15   19
 15   20
 16   2
 16   5
 16   6
 16   7
 16   8
 16   9
 16   12
 16   13
 16   14
 17   1
 17   3
 17   4
 17   10
 17   11
 17   15
 17   18
 17   19
 18   1
 18   3
 18   4
 18   8
 18   10
 18   11
 18   15
 18   17
 18   19
 18   20
 19   1
 19   3
 19   4
 19   10
 19   11
 19   15
 19   17
 19   18
 19   20
 20   1
 20   2
 20   3
 20   4
 20   5
 20   10
 20   11
 20   15
 20   18
 20   19
