https://powcoder.com
代写代考加微信 powcoder
Assignment Project Exam Help
Add WeChat powcoder
https://powcoder.com
代写代考加微信 powcoder
Assignment Project Exam Help
Add WeChat powcoder
 1   3
 1   4
 1   6
 1   7
 1   8
 1   9
 1   17
 1   18
 1   20
 2   5
 2   11
 2   12
 2   13
 2   14
 2   15
 2   16
 2   18
 2   19
 3   1
 3   4
 3   6
 3   7
 3   8
 3   9
 3   10
 3   20
 4   1
 4   3
 4   6
 4   7
 4   8
 4   9
 4   10
 4   13
 4   14
 4   17
 4   20
 5   2
 5   12
 5   13
 5   14
 5   15
 5   16
 5   17
 5   19
 6   1
 6   3
 6   4
 6   8
 6   9
 6   10
 6   12
 6   17
 6   20
 7   1
 7   3
 7   4
 7   8
 7   9
 7   10
 7   13
 7   17
 7   20
 8   1
 8   3
 8   4
 8   6
 8   7
 8   9
 8   10
 8   17
 8   20
 9   1
 9   3
 9   4
 9   6
 9   7
 9   8
 9   10
 9   17
 9   20
 10   3
 10   4
 10   6
 10   7
 10   8
 10   9
 10   12
 10   17
 10   19
 10   20
 11   2
 11   13
 11   14
 11   15
 11   16
 11   18
 11   19
 12   2
 12   5
 12   6
 12   10
 12   13
 12   14
 12   15
 12   16
 12   18
 12   19
 13   2
 13   4
 13   5
 13   7
 13   11
 13   12
 13   14
 13   15
 13   16
 13   18
 13   19
 14   2
 14   4
 14   5
 14   11
 14   12
 14   13
 14   15
 14   16
 14   18
 15   2
 15   5
 15   11
 15   12
 15   13
 15   14
 15   16
 15   18
 15   19
 16   2
 16   5
 16   11
 16   12
 16   13
 16   14
 16   15
 16   18
 16   19
 17   1
 17   4
 17   5
 17   6
 17   7
 17   8
 17   9
 17   10
 17   20
 18   1
 18   2
 18   11
 18   12
 18   13
 18   14
 18   15
 18   16
 19   2
 19   5
 19   10
 19   11
 19   12
 19   13
 19   15
 19   16
 20   1
 20   3
 20   4
 20   6
 20   7
 20   8
 20   9
 20   10
 20   17
