https://powcoder.com
代写代考加微信 powcoder
Assignment Project Exam Help
Add WeChat powcoder
https://powcoder.com
代写代考加微信 powcoder
Assignment Project Exam Help
Add WeChat powcoder
 1   2
 1   5
 1   7
 1   9
 1   11
 1   12
 1   13
 1   14
 1   17
 1   20
 2   1
 2   5
 2   7
 2   9
 2   11
 2   13
 2   14
 2   17
 2   20
 3   4
 3   8
 3   10
 3   12
 3   15
 3   16
 3   18
 3   19
 4   3
 4   6
 4   8
 4   10
 4   11
 4   12
 4   15
 4   16
 4   18
 4   19
 5   1
 5   2
 5   6
 5   7
 5   9
 5   11
 5   12
 5   13
 5   14
 5   17
 5   18
 5   20
 6   4
 6   5
 6   8
 6   10
 6   12
 6   15
 6   16
 6   18
 6   19
 7   1
 7   2
 7   5
 7   9
 7   11
 7   13
 7   17
 8   3
 8   4
 8   6
 8   10
 8   12
 8   15
 8   16
 8   19
 9   1
 9   2
 9   5
 9   7
 9   11
 9   13
 9   14
 9   17
 9   20
 10   3
 10   4
 10   6
 10   8
 10   12
 10   15
 10   16
 10   18
 10   19
 11   1
 11   2
 11   4
 11   5
 11   7
 11   9
 11   13
 11   14
 11   15
 11   17
 11   20
 12   1
 12   3
 12   4
 12   5
 12   6
 12   8
 12   10
 12   15
 12   16
 12   18
 12   19
 13   1
 13   2
 13   5
 13   7
 13   9
 13   11
 13   14
 13   17
 13   20
 14   1
 14   2
 14   5
 14   9
 14   11
 14   13
 14   15
 14   17
 14   20
 15   3
 15   4
 15   6
 15   8
 15   10
 15   11
 15   12
 15   14
 15   16
 15   17
 15   18
 16   3
 16   4
 16   6
 16   8
 16   10
 16   12
 16   15
 16   18
 16   19
 17   1
 17   2
 17   5
 17   7
 17   9
 17   11
 17   13
 17   14
 17   15
 17   20
 18   3
 18   4
 18   5
 18   6
 18   10
 18   12
 18   15
 18   16
 18   19
 19   3
 19   4
 19   6
 19   8
 19   10
 19   12
 19   16
 19   18
 20   1
 20   2
 20   5
 20   9
 20   11
 20   13
 20   14
 20   17
