https://powcoder.com
代写代考加微信 powcoder
Assignment Project Exam Help
Add WeChat powcoder
https://powcoder.com
代写代考加微信 powcoder
Assignment Project Exam Help
Add WeChat powcoder
 1   3
 1   5
 1   6
 1   7
 1   11
 1   14
 1   17
 1   20
 2   4
 2   7
 2   8
 2   9
 2   10
 2   12
 2   13
 2   18
 3   1
 3   5
 3   6
 3   7
 3   10
 3   11
 3   14
 3   15
 3   17
 3   20
 4   2
 4   8
 4   9
 4   10
 4   11
 4   12
 4   13
 4   18
 4   19
 5   1
 5   3
 5   6
 5   7
 5   11
 5   14
 5   15
 5   17
 5   20
 6   1
 6   3
 6   5
 6   7
 6   11
 6   14
 6   15
 6   17
 6   20
 7   1
 7   2
 7   3
 7   5
 7   6
 7   11
 7   14
 7   15
 7   17
 7   20
 8   2
 8   4
 8   9
 8   10
 8   12
 8   13
 8   16
 8   18
 8   19
 9   2
 9   4
 9   8
 9   10
 9   12
 9   13
 9   16
 9   18
 9   19
 10   2
 10   3
 10   4
 10   8
 10   9
 10   12
 10   15
 10   16
 10   18
 10   19
 10   20
 11   1
 11   3
 11   4
 11   5
 11   6
 11   7
 11   14
 11   15
 11   17
 11   20
 12   2
 12   4
 12   8
 12   9
 12   10
 12   13
 12   14
 12   16
 12   19
 13   2
 13   4
 13   8
 13   9
 13   12
 13   16
 13   18
 13   19
 14   1
 14   3
 14   5
 14   6
 14   7
 14   11
 14   12
 14   15
 14   16
 14   17
 14   18
 14   20
 15   3
 15   5
 15   6
 15   7
 15   10
 15   11
 15   14
 15   17
 15   20
 16   8
 16   9
 16   10
 16   12
 16   13
 16   14
 16   18
 16   19
 17   1
 17   3
 17   5
 17   6
 17   7
 17   11
 17   14
 17   15
 17   20
 18   2
 18   4
 18   8
 18   9
 18   10
 18   13
 18   14
 18   16
 18   19
 19   4
 19   8
 19   9
 19   10
 19   12
 19   13
 19   16
 19   18
 20   1
 20   3
 20   5
 20   6
 20   7
 20   10
 20   11
 20   14
 20   15
 20   17
