https://powcoder.com
代写代考加微信 powcoder
Assignment Project Exam Help
Add WeChat powcoder
https://powcoder.com
代写代考加微信 powcoder
Assignment Project Exam Help
Add WeChat powcoder
 1   5
 1   6
 1   9
 1   11
 1   12
 1   18
 1   19
 1   20
 2   3
 2   4
 2   8
 2   10
 2   11
 2   13
 2   14
 2   15
 2   17
 2   18
 3   2
 3   4
 3   8
 3   10
 3   13
 3   14
 3   15
 3   17
 3   18
 3   20
 4   2
 4   3
 4   5
 4   8
 4   10
 4   13
 4   14
 4   17
 4   18
 5   1
 5   4
 5   6
 5   7
 5   9
 5   11
 5   12
 5   16
 5   19
 5   20
 6   1
 6   5
 6   7
 6   9
 6   11
 6   16
 6   19
 6   20
 7   5
 7   6
 7   11
 7   12
 7   13
 7   16
 7   19
 7   20
 8   2
 8   3
 8   4
 8   10
 8   13
 8   14
 8   15
 8   17
 8   18
 9   1
 9   5
 9   6
 9   11
 9   12
 9   15
 9   16
 9   19
 9   20
 10   2
 10   3
 10   4
 10   8
 10   13
 10   14
 10   15
 10   17
 11   1
 11   2
 11   5
 11   6
 11   7
 11   9
 11   12
 11   16
 11   19
 12   1
 12   5
 12   7
 12   9
 12   11
 12   19
 12   20
 13   2
 13   3
 13   4
 13   7
 13   8
 13   10
 13   14
 13   15
 13   17
 13   18
 13   19
 14   2
 14   3
 14   4
 14   8
 14   10
 14   13
 14   15
 14   17
 14   18
 15   2
 15   3
 15   8
 15   9
 15   10
 15   13
 15   14
 15   17
 15   18
 16   5
 16   6
 16   7
 16   9
 16   11
 16   19
 16   20
 17   2
 17   3
 17   4
 17   8
 17   10
 17   13
 17   14
 17   15
 17   18
 17   20
 18   1
 18   2
 18   3
 18   4
 18   8
 18   13
 18   14
 18   15
 18   17
 19   1
 19   5
 19   6
 19   7
 19   9
 19   11
 19   12
 19   13
 19   16
 19   20
 20   1
 20   3
 20   5
 20   6
 20   7
 20   9
 20   12
 20   16
 20   17
 20   19
