https://powcoder.com
代写代考加微信 powcoder
Assignment Project Exam Help
Add WeChat powcoder
https://powcoder.com
代写代考加微信 powcoder
Assignment Project Exam Help
Add WeChat powcoder
 1   5
 1   6
 1   7
 1   9
 1   13
 1   14
 1   15
 1   18
 1   20
 2   3
 2   4
 2   6
 2   7
 2   11
 2   12
 2   16
 2   17
 3   2
 3   4
 3   7
 3   10
 3   11
 3   16
 3   17
 3   19
 3   20
 4   2
 4   3
 4   7
 4   8
 4   10
 4   11
 4   12
 4   16
 4   17
 4   18
 4   19
 5   1
 5   6
 5   8
 5   9
 5   12
 5   13
 5   14
 5   15
 5   18
 5   20
 6   1
 6   2
 6   5
 6   8
 6   13
 6   14
 6   15
 6   18
 6   20
 7   1
 7   2
 7   3
 7   4
 7   10
 7   11
 7   12
 7   16
 7   17
 7   19
 8   4
 8   5
 8   6
 8   9
 8   13
 8   15
 8   18
 8   20
 9   1
 9   5
 9   8
 9   13
 9   15
 9   18
 9   19
 9   20
 10   3
 10   4
 10   7
 10   11
 10   12
 10   16
 10   17
 10   19
 11   2
 11   3
 11   4
 11   7
 11   10
 11   12
 11   16
 11   17
 11   19
 12   2
 12   4
 12   5
 12   7
 12   10
 12   11
 12   16
 12   17
 12   19
 13   1
 13   5
 13   6
 13   8
 13   9
 13   14
 13   18
 14   1
 14   5
 14   6
 14   13
 14   15
 14   18
 14   20
 15   1
 15   5
 15   6
 15   8
 15   9
 15   14
 15   18
 15   20
 16   2
 16   3
 16   4
 16   7
 16   10
 16   11
 16   12
 16   17
 16   19
 16   20
 17   2
 17   3
 17   4
 17   7
 17   10
 17   11
 17   12
 17   16
 17   19
 18   1
 18   4
 18   5
 18   6
 18   8
 18   9
 18   13
 18   14
 18   15
 18   20
 19   3
 19   4
 19   7
 19   9
 19   10
 19   11
 19   12
 19   16
 19   17
 20   1
 20   3
 20   5
 20   6
 20   8
 20   9
 20   14
 20   15
 20   16
 20   18
