https://powcoder.com
代写代考加微信 powcoder
Assignment Project Exam Help
Add WeChat powcoder
https://powcoder.com
代写代考加微信 powcoder
Assignment Project Exam Help
Add WeChat powcoder
 1   3
 1   8
 1   9
 1   10
 1   11
 1   13
 1   14
 1   15
 1   18
 1   19
 2   3
 2   4
 2   5
 2   6
 2   7
 2   12
 2   15
 2   16
 2   17
 2   20
 3   1
 3   2
 3   8
 3   9
 3   10
 3   11
 3   13
 3   14
 3   18
 3   19
 4   2
 4   5
 4   6
 4   12
 4   15
 4   17
 4   18
 4   20
 5   2
 5   4
 5   6
 5   7
 5   12
 5   13
 5   16
 5   17
 5   20
 6   2
 6   4
 6   5
 6   12
 6   15
 6   17
 6   20
 7   2
 7   5
 7   8
 7   15
 7   16
 7   20
 8   1
 8   3
 8   7
 8   9
 8   10
 8   11
 8   13
 8   14
 8   15
 8   18
 8   19
 9   1
 9   3
 9   8
 9   10
 9   11
 9   13
 9   14
 9   18
 9   19
 10   1
 10   3
 10   8
 10   9
 10   11
 10   12
 10   13
 10   14
 10   18
 10   19
 11   1
 11   3
 11   8
 11   9
 11   10
 11   14
 11   18
 11   19
 12   2
 12   4
 12   5
 12   6
 12   10
 12   15
 12   16
 12   17
 12   18
 12   20
 13   1
 13   3
 13   5
 13   8
 13   9
 13   10
 13   14
 13   18
 13   19
 14   1
 14   3
 14   8
 14   9
 14   10
 14   11
 14   13
 14   18
 14   19
 15   1
 15   2
 15   4
 15   6
 15   7
 15   8
 15   12
 15   16
 15   17
 15   20
 16   2
 16   5
 16   7
 16   12
 16   15
 16   17
 16   20
 17   2
 17   4
 17   5
 17   6
 17   12
 17   15
 17   16
 17   20
 18   1
 18   3
 18   4
 18   8
 18   9
 18   10
 18   11
 18   12
 18   13
 18   14
 18   19
 19   1
 19   3
 19   8
 19   9
 19   10
 19   11
 19   13
 19   14
 19   18
 20   2
 20   4
 20   5
 20   6
 20   7
 20   12
 20   15
 20   16
 20   17
