https://powcoder.com
代写代考加微信 powcoder
Assignment Project Exam Help
Add WeChat powcoder
https://powcoder.com
代写代考加微信 powcoder
Assignment Project Exam Help
Add WeChat powcoder
 1   2
 1   4
 1   5
 1   6
 1   7
 1   10
 1   11
 1   13
 1   17
 1   18
 1   19
 2   1
 2   4
 2   5
 2   6
 2   7
 2   14
 2   15
 2   17
 2   18
 2   19
 3   8
 3   9
 3   10
 3   11
 3   12
 3   13
 3   14
 3   16
 3   20
 4   1
 4   2
 4   7
 4   14
 4   15
 4   17
 4   18
 5   1
 5   2
 5   6
 5   7
 5   14
 5   15
 5   17
 5   18
 5   19
 6   1
 6   2
 6   5
 6   7
 6   15
 6   17
 6   18
 6   19
 7   1
 7   2
 7   4
 7   5
 7   6
 7   15
 7   17
 7   18
 7   19
 8   3
 8   9
 8   10
 8   11
 8   12
 8   13
 8   14
 8   16
 8   18
 9   3
 9   8
 9   10
 9   12
 9   13
 9   14
 9   16
 9   20
 10   1
 10   3
 10   8
 10   9
 10   11
 10   12
 10   14
 10   16
 10   20
 11   1
 11   3
 11   8
 11   10
 11   12
 11   13
 11   14
 11   16
 11   20
 12   3
 12   8
 12   9
 12   10
 12   11
 12   13
 12   14
 12   20
 13   1
 13   3
 13   8
 13   9
 13   11
 13   12
 13   14
 13   16
 13   20
 14   2
 14   3
 14   4
 14   5
 14   8
 14   9
 14   10
 14   11
 14   12
 14   13
 14   16
 14   20
 15   2
 15   4
 15   5
 15   6
 15   7
 15   17
 15   18
 15   19
 16   3
 16   8
 16   9
 16   10
 16   11
 16   13
 16   14
 16   19
 16   20
 17   1
 17   2
 17   4
 17   5
 17   6
 17   7
 17   15
 17   19
 18   1
 18   2
 18   4
 18   5
 18   6
 18   7
 18   8
 18   15
 19   1
 19   2
 19   5
 19   6
 19   7
 19   15
 19   16
 19   17
 20   3
 20   9
 20   10
 20   11
 20   12
 20   13
 20   14
 20   16
