https://powcoder.com
代写代考加微信 powcoder
Assignment Project Exam Help
Add WeChat powcoder
https://powcoder.com
代写代考加微信 powcoder
Assignment Project Exam Help
Add WeChat powcoder
 1   2
 1   3
 1   4
 1   11
 1   12
 1   13
 1   14
 1   17
 2   1
 2   3
 2   8
 2   9
 2   11
 2   12
 2   13
 2   14
 2   16
 2   17
 3   1
 3   2
 3   8
 3   11
 3   12
 3   13
 3   14
 3   16
 4   1
 4   5
 4   6
 4   7
 4   10
 4   15
 4   16
 4   18
 4   20
 5   4
 5   6
 5   7
 5   9
 5   10
 5   15
 5   18
 5   20
 6   4
 6   5
 6   7
 6   9
 6   10
 6   15
 6   18
 6   20
 7   4
 7   5
 7   6
 7   9
 7   10
 7   15
 7   18
 7   19
 7   20
 8   2
 8   3
 8   11
 8   12
 8   13
 8   14
 8   16
 8   17
 9   2
 9   5
 9   6
 9   7
 9   10
 9   15
 9   17
 9   18
 9   19
 9   20
 10   4
 10   5
 10   6
 10   7
 10   9
 10   16
 10   18
 10   19
 10   20
 11   1
 11   2
 11   3
 11   8
 11   12
 11   13
 11   16
 11   17
 12   1
 12   2
 12   3
 12   8
 12   11
 12   13
 12   14
 12   16
 12   17
 13   1
 13   2
 13   3
 13   8
 13   11
 13   12
 13   14
 13   17
 14   1
 14   2
 14   3
 14   8
 14   12
 14   13
 14   16
 14   17
 15   4
 15   5
 15   6
 15   7
 15   9
 15   18
 15   19
 15   20
 16   2
 16   3
 16   4
 16   8
 16   10
 16   11
 16   12
 16   14
 17   1
 17   2
 17   8
 17   9
 17   11
 17   12
 17   13
 17   14
 17   18
 18   4
 18   5
 18   6
 18   7
 18   9
 18   10
 18   15
 18   17
 18   19
 19   7
 19   9
 19   10
 19   15
 19   18
 19   20
 20   4
 20   5
 20   6
 20   7
 20   9
 20   10
 20   15
 20   19
