https://powcoder.com
代写代考加微信 powcoder
Assignment Project Exam Help
Add WeChat powcoder
https://powcoder.com
代写代考加微信 powcoder
Assignment Project Exam Help
Add WeChat powcoder
 1   5
 1   7
 1   8
 1   9
 1   10
 1   11
 1   12
 1   15
 1   18
 2   3
 2   4
 2   6
 2   13
 2   14
 2   16
 2   17
 2   19
 2   20
 3   2
 3   4
 3   6
 3   11
 3   13
 3   14
 3   16
 3   17
 3   20
 4   2
 4   3
 4   6
 4   8
 4   11
 4   13
 4   14
 4   16
 4   17
 4   19
 4   20
 5   1
 5   7
 5   8
 5   9
 5   10
 5   11
 5   12
 5   15
 5   16
 5   18
 6   2
 6   3
 6   4
 6   13
 6   14
 6   16
 6   17
 6   20
 7   1
 7   5
 7   8
 7   9
 7   10
 7   11
 7   12
 7   15
 7   18
 8   1
 8   4
 8   5
 8   7
 8   9
 8   10
 8   11
 8   12
 8   15
 8   18
 9   1
 9   5
 9   7
 9   8
 9   10
 9   11
 9   12
 9   17
 9   18
 10   1
 10   5
 10   7
 10   8
 10   9
 10   12
 10   18
 11   1
 11   3
 11   4
 11   5
 11   7
 11   8
 11   9
 11   12
 11   15
 11   18
 12   1
 12   5
 12   7
 12   8
 12   9
 12   10
 12   11
 12   18
 12   19
 13   2
 13   3
 13   4
 13   6
 13   14
 13   15
 13   16
 13   17
 13   19
 13   20
 14   2
 14   3
 14   4
 14   6
 14   13
 14   16
 14   17
 14   19
 14   20
 15   1
 15   5
 15   7
 15   8
 15   11
 15   13
 15   16
 15   18
 16   2
 16   3
 16   4
 16   5
 16   6
 16   13
 16   14
 16   15
 16   17
 16   19
 16   20
 17   2
 17   3
 17   4
 17   6
 17   9
 17   13
 17   14
 17   16
 17   19
 17   20
 18   1
 18   5
 18   7
 18   8
 18   9
 18   10
 18   11
 18   12
 18   15
 19   2
 19   4
 19   12
 19   13
 19   14
 19   16
 19   17
 19   20
 20   2
 20   3
 20   4
 20   6
 20   13
 20   14
 20   16
 20   17
 20   19
