https://powcoder.com
代写代考加微信 powcoder
Assignment Project Exam Help
Add WeChat powcoder
https://powcoder.com
代写代考加微信 powcoder
Assignment Project Exam Help
Add WeChat powcoder
 1   4
 1   5
 1   7
 1   10
 1   12
 1   15
 1   16
 1   20
 2   3
 2   6
 2   11
 2   13
 2   14
 2   15
 2   17
 2   18
 2   19
 3   2
 3   6
 3   8
 3   11
 3   13
 3   14
 3   15
 3   17
 3   18
 4   1
 4   5
 4   7
 4   9
 4   10
 4   12
 4   16
 4   18
 4   19
 4   20
 5   1
 5   4
 5   7
 5   9
 5   10
 5   12
 5   16
 5   19
 5   20
 6   2
 6   3
 6   8
 6   11
 6   13
 6   14
 6   15
 6   17
 6   18
 7   1
 7   4
 7   5
 7   9
 7   10
 7   12
 7   13
 7   16
 7   19
 7   20
 8   3
 8   6
 8   12
 8   13
 8   14
 8   15
 8   17
 8   18
 9   4
 9   5
 9   7
 9   10
 9   12
 9   16
 9   17
 9   20
 10   1
 10   4
 10   5
 10   7
 10   9
 10   12
 10   19
 10   20
 11   2
 11   3
 11   6
 11   13
 11   14
 11   15
 11   17
 11   18
 12   1
 12   4
 12   5
 12   7
 12   8
 12   9
 12   10
 12   15
 12   16
 12   20
 13   2
 13   3
 13   6
 13   7
 13   8
 13   11
 13   14
 13   15
 13   17
 13   18
 13   19
 14   2
 14   3
 14   6
 14   8
 14   11
 14   13
 14   17
 14   18
 15   1
 15   2
 15   3
 15   6
 15   8
 15   11
 15   12
 15   13
 15   17
 15   18
 16   1
 16   4
 16   5
 16   7
 16   9
 16   12
 16   19
 16   20
 17   2
 17   3
 17   6
 17   8
 17   9
 17   11
 17   13
 17   14
 17   15
 17   18
 18   2
 18   3
 18   4
 18   6
 18   8
 18   11
 18   13
 18   14
 18   15
 18   17
 19   2
 19   4
 19   5
 19   7
 19   10
 19   13
 19   16
 19   20
 20   1
 20   4
 20   5
 20   7
 20   9
 20   10
 20   12
 20   16
 20   19
