https://powcoder.com
代写代考加微信 powcoder
Assignment Project Exam Help
Add WeChat powcoder
https://powcoder.com
代写代考加微信 powcoder
Assignment Project Exam Help
Add WeChat powcoder
 1   2
 1   4
 1   7
 1   8
 1   10
 1   12
 1   15
 1   18
 2   1
 2   3
 2   7
 2   8
 2   10
 2   11
 2   12
 2   15
 2   18
 2   19
 3   2
 3   5
 3   6
 3   9
 3   13
 3   14
 3   16
 3   17
 3   20
 4   1
 4   5
 4   6
 4   9
 4   13
 4   14
 4   16
 4   17
 4   20
 5   3
 5   4
 5   6
 5   7
 5   9
 5   14
 5   16
 5   17
 5   20
 6   3
 6   4
 6   5
 6   9
 6   13
 6   14
 6   16
 6   17
 6   19
 6   20
 7   1
 7   2
 7   5
 7   8
 7   10
 7   11
 7   12
 7   15
 7   18
 7   19
 8   1
 8   2
 8   7
 8   10
 8   11
 8   12
 8   15
 8   17
 8   18
 8   19
 9   3
 9   4
 9   5
 9   6
 9   13
 9   14
 9   16
 9   17
 9   20
 10   1
 10   2
 10   7
 10   8
 10   11
 10   12
 10   13
 10   15
 10   18
 10   19
 11   2
 11   7
 11   8
 11   10
 11   12
 11   15
 11   18
 11   19
 12   1
 12   2
 12   7
 12   8
 12   10
 12   11
 12   14
 12   15
 12   18
 12   19
 13   3
 13   4
 13   6
 13   9
 13   10
 13   14
 13   16
 13   20
 14   3
 14   4
 14   5
 14   6
 14   9
 14   12
 14   13
 14   16
 14   17
 14   20
 15   1
 15   2
 15   7
 15   8
 15   10
 15   11
 15   12
 15   18
 15   20
 16   3
 16   4
 16   5
 16   6
 16   9
 16   13
 16   14
 16   17
 16   20
 17   3
 17   4
 17   5
 17   6
 17   8
 17   9
 17   14
 17   16
 17   20
 18   1
 18   2
 18   7
 18   8
 18   10
 18   11
 18   12
 18   15
 18   19
 19   2
 19   6
 19   7
 19   8
 19   10
 19   11
 19   12
 19   18
 20   3
 20   4
 20   5
 20   6
 20   9
 20   13
 20   14
 20   15
 20   16
 20   17
