https://powcoder.com
代写代考加微信 powcoder
Assignment Project Exam Help
Add WeChat powcoder
https://powcoder.com
代写代考加微信 powcoder
Assignment Project Exam Help
Add WeChat powcoder
 1   6
 1   7
 1   10
 1   12
 1   13
 1   14
 1   15
 1   16
 1   20
 2   3
 2   4
 2   5
 2   8
 2   9
 2   16
 2   17
 2   18
 3   2
 3   4
 3   8
 3   9
 3   11
 3   17
 3   18
 3   19
 4   2
 4   3
 4   5
 4   8
 4   9
 4   11
 4   16
 4   17
 4   18
 4   19
 5   2
 5   4
 5   7
 5   8
 5   9
 5   11
 5   17
 5   18
 5   19
 6   1
 6   7
 6   10
 6   12
 6   13
 6   14
 6   15
 6   16
 6   17
 7   1
 7   5
 7   6
 7   10
 7   12
 7   14
 7   15
 7   16
 7   20
 8   2
 8   3
 8   4
 8   5
 8   9
 8   10
 8   11
 8   17
 8   18
 8   19
 9   2
 9   3
 9   4
 9   5
 9   8
 9   11
 9   17
 9   18
 9   19
 10   1
 10   6
 10   7
 10   8
 10   12
 10   13
 10   14
 10   15
 10   16
 10   20
 11   3
 11   4
 11   5
 11   8
 11   9
 11   14
 11   18
 11   19
 12   1
 12   6
 12   7
 12   10
 12   13
 12   15
 12   16
 12   19
 12   20
 13   1
 13   6
 13   10
 13   12
 13   14
 13   15
 13   16
 13   17
 13   20
 14   1
 14   6
 14   7
 14   10
 14   11
 14   13
 14   15
 14   16
 14   20
 15   1
 15   6
 15   7
 15   10
 15   12
 15   13
 15   14
 15   16
 15   20
 16   1
 16   2
 16   4
 16   6
 16   7
 16   10
 16   12
 16   13
 16   14
 16   15
 16   20
 17   2
 17   3
 17   4
 17   5
 17   6
 17   8
 17   9
 17   13
 17   18
 17   19
 18   2
 18   3
 18   4
 18   5
 18   8
 18   9
 18   11
 18   17
 18   19
 19   3
 19   4
 19   5
 19   8
 19   9
 19   11
 19   12
 19   17
 19   18
 20   1
 20   7
 20   10
 20   12
 20   13
 20   14
 20   15
 20   16
