https://powcoder.com
代写代考加微信 powcoder
Assignment Project Exam Help
Add WeChat powcoder
https://powcoder.com
代写代考加微信 powcoder
Assignment Project Exam Help
Add WeChat powcoder
 1   2
 1   5
 1   7
 1   10
 1   11
 1   12
 1   14
 1   15
 1   18
 1   19
 2   1
 2   5
 2   6
 2   7
 2   10
 2   11
 2   14
 2   15
 2   18
 2   19
 3   4
 3   6
 3   8
 3   9
 3   12
 3   13
 3   14
 3   16
 3   17
 3   20
 4   3
 4   6
 4   8
 4   9
 4   12
 4   13
 4   16
 4   17
 4   20
 5   1
 5   2
 5   7
 5   8
 5   10
 5   11
 5   14
 5   15
 5   16
 5   19
 6   2
 6   3
 6   4
 6   8
 6   9
 6   12
 6   13
 6   15
 6   16
 6   17
 6   20
 7   1
 7   2
 7   5
 7   10
 7   11
 7   14
 7   15
 7   18
 7   19
 8   3
 8   4
 8   5
 8   6
 8   9
 8   12
 8   13
 8   16
 8   17
 8   20
 9   3
 9   4
 9   6
 9   8
 9   12
 9   13
 9   16
 9   17
 10   1
 10   2
 10   5
 10   7
 10   11
 10   13
 10   14
 10   15
 10   18
 10   19
 11   1
 11   2
 11   5
 11   7
 11   10
 11   14
 11   15
 11   18
 12   1
 12   3
 12   4
 12   6
 12   8
 12   9
 12   13
 12   16
 12   17
 12   20
 13   3
 13   4
 13   6
 13   8
 13   9
 13   10
 13   12
 13   16
 13   17
 13   20
 14   1
 14   2
 14   3
 14   5
 14   7
 14   10
 14   11
 14   15
 14   18
 14   19
 15   1
 15   2
 15   5
 15   6
 15   7
 15   10
 15   11
 15   14
 15   19
 16   3
 16   4
 16   5
 16   6
 16   8
 16   9
 16   12
 16   13
 16   17
 16   20
 17   3
 17   4
 17   6
 17   8
 17   9
 17   12
 17   13
 17   16
 17   20
 18   1
 18   2
 18   7
 18   10
 18   11
 18   14
 18   19
 18   20
 19   1
 19   2
 19   5
 19   7
 19   10
 19   14
 19   15
 19   18
 20   3
 20   4
 20   6
 20   8
 20   12
 20   13
 20   16
 20   17
 20   18
