https://powcoder.com
代写代考加微信 powcoder
Assignment Project Exam Help
Add WeChat powcoder
https://powcoder.com
代写代考加微信 powcoder
Assignment Project Exam Help
Add WeChat powcoder
 1   2
 1   3
 1   4
 1   5
 1   7
 1   10
 1   11
 1   14
 1   20
 2   1
 2   3
 2   4
 2   7
 2   10
 2   11
 2   14
 2   20
 3   1
 3   2
 3   4
 3   7
 3   10
 3   11
 3   14
 3   17
 3   20
 4   1
 4   2
 4   3
 4   7
 4   10
 4   11
 4   13
 4   14
 4   18
 4   20
 5   1
 5   6
 5   8
 5   9
 5   12
 5   13
 5   16
 5   17
 5   18
 5   19
 6   5
 6   8
 6   9
 6   12
 6   13
 6   15
 6   16
 6   17
 6   18
 6   19
 7   1
 7   2
 7   3
 7   4
 7   10
 7   11
 7   14
 7   15
 7   20
 8   5
 8   6
 8   9
 8   10
 8   12
 8   13
 8   16
 8   17
 8   18
 8   19
 9   5
 9   6
 9   8
 9   11
 9   12
 9   14
 9   16
 9   17
 9   19
 10   1
 10   2
 10   3
 10   4
 10   7
 10   8
 10   11
 10   14
 10   15
 10   20
 11   1
 11   2
 11   3
 11   4
 11   7
 11   9
 11   10
 11   14
 11   15
 11   20
 12   5
 12   6
 12   8
 12   9
 12   13
 12   16
 12   17
 12   18
 12   19
 13   4
 13   5
 13   6
 13   8
 13   12
 13   16
 13   17
 13   18
 13   19
 14   1
 14   2
 14   3
 14   4
 14   7
 14   9
 14   10
 14   11
 14   15
 14   20
 15   6
 15   7
 15   10
 15   11
 15   14
 15   20
 16   5
 16   6
 16   8
 16   9
 16   12
 16   13
 16   17
 16   18
 16   19
 17   3
 17   5
 17   6
 17   8
 17   9
 17   12
 17   13
 17   16
 17   18
 17   19
 18   4
 18   5
 18   6
 18   8
 18   12
 18   13
 18   16
 18   17
 18   19
 19   5
 19   6
 19   8
 19   9
 19   12
 19   13
 19   16
 19   17
 19   18
 20   1
 20   2
 20   3
 20   4
 20   7
 20   10
 20   11
 20   14
 20   15
