https://powcoder.com
代写代考加微信 powcoder
Assignment Project Exam Help
Add WeChat powcoder
https://powcoder.com
代写代考加微信 powcoder
Assignment Project Exam Help
Add WeChat powcoder
 1   4
 1   5
 1   6
 1   8
 1   10
 1   12
 1   13
 1   15
 1   18
 2   3
 2   7
 2   9
 2   11
 2   14
 2   16
 2   17
 2   19
 2   20
 3   2
 3   6
 3   7
 3   9
 3   14
 3   16
 3   17
 3   18
 3   19
 3   20
 4   1
 4   5
 4   6
 4   8
 4   10
 4   11
 4   12
 4   13
 4   15
 4   18
 4   19
 5   1
 5   4
 5   6
 5   8
 5   10
 5   12
 5   13
 5   15
 5   18
 6   1
 6   3
 6   4
 6   5
 6   8
 6   10
 6   12
 6   13
 6   15
 6   18
 7   2
 7   3
 7   9
 7   14
 7   16
 7   17
 7   19
 7   20
 8   1
 8   4
 8   5
 8   6
 8   10
 8   12
 8   13
 8   15
 8   18
 9   2
 9   3
 9   7
 9   11
 9   14
 9   16
 9   17
 9   19
 9   20
 10   1
 10   4
 10   5
 10   6
 10   8
 10   12
 10   13
 10   20
 11   2
 11   4
 11   9
 11   14
 11   16
 11   17
 11   19
 11   20
 12   1
 12   4
 12   5
 12   6
 12   8
 12   10
 12   13
 12   15
 12   16
 12   18
 13   1
 13   4
 13   5
 13   6
 13   8
 13   10
 13   12
 13   15
 13   18
 14   2
 14   3
 14   7
 14   9
 14   11
 14   16
 14   17
 14   19
 14   20
 15   1
 15   4
 15   5
 15   6
 15   8
 15   12
 15   13
 15   18
 16   2
 16   3
 16   7
 16   9
 16   11
 16   12
 16   14
 16   17
 16   19
 16   20
 17   2
 17   3
 17   7
 17   9
 17   11
 17   14
 17   16
 17   20
 18   1
 18   3
 18   4
 18   5
 18   6
 18   8
 18   12
 18   13
 18   15
 19   2
 19   3
 19   4
 19   7
 19   9
 19   11
 19   14
 19   16
 19   20
 20   2
 20   3
 20   7
 20   9
 20   10
 20   11
 20   14
 20   16
 20   17
 20   19
