https://powcoder.com
代写代考加微信 powcoder
Assignment Project Exam Help
Add WeChat powcoder
https://powcoder.com
代写代考加微信 powcoder
Assignment Project Exam Help
Add WeChat powcoder
 1   2
 1   3
 1   5
 1   7
 1   9
 1   11
 1   15
 1   16
 1   19
 1   20
 2   1
 2   3
 2   5
 2   11
 2   12
 2   15
 2   16
 2   19
 2   20
 3   1
 3   2
 3   5
 3   9
 3   11
 3   15
 3   16
 3   19
 3   20
 4   6
 4   7
 4   8
 4   10
 4   12
 4   13
 4   17
 4   18
 5   1
 5   2
 5   3
 5   9
 5   11
 5   15
 5   16
 5   17
 5   19
 5   20
 6   4
 6   7
 6   8
 6   10
 6   12
 6   13
 6   14
 6   17
 7   1
 7   4
 7   6
 7   10
 7   12
 7   13
 7   14
 7   17
 7   18
 8   4
 8   6
 8   10
 8   12
 8   13
 8   14
 8   16
 8   17
 8   18
 9   1
 9   3
 9   5
 9   11
 9   16
 9   19
 9   20
 10   4
 10   6
 10   7
 10   8
 10   12
 10   13
 10   14
 10   17
 10   18
 11   1
 11   2
 11   3
 11   5
 11   9
 11   12
 11   15
 11   16
 11   19
 11   20
 12   2
 12   4
 12   6
 12   7
 12   8
 12   10
 12   11
 12   13
 12   14
 12   17
 12   18
 13   4
 13   6
 13   7
 13   8
 13   10
 13   12
 13   14
 13   17
 13   18
 14   6
 14   7
 14   8
 14   10
 14   12
 14   13
 14   17
 14   18
 15   1
 15   2
 15   3
 15   5
 15   11
 15   16
 15   19
 15   20
 16   1
 16   2
 16   3
 16   5
 16   8
 16   9
 16   11
 16   15
 16   18
 16   20
 17   4
 17   5
 17   6
 17   7
 17   8
 17   10
 17   12
 17   13
 17   14
 17   18
 18   4
 18   7
 18   8
 18   10
 18   12
 18   13
 18   14
 18   16
 18   17
 19   1
 19   2
 19   3
 19   5
 19   9
 19   11
 19   15
 19   20
 20   1
 20   2
 20   3
 20   5
 20   9
 20   11
 20   15
 20   16
 20   19
