https://powcoder.com
代写代考加微信 powcoder
Assignment Project Exam Help
Add WeChat powcoder
https://powcoder.com
代写代考加微信 powcoder
Assignment Project Exam Help
Add WeChat powcoder
 1   5
 1   6
 1   8
 1   11
 1   12
 1   13
 1   15
 1   17
 1   20
 2   4
 2   7
 2   9
 2   10
 2   14
 2   18
 3   4
 3   7
 3   9
 3   10
 3   13
 3   14
 3   15
 3   16
 3   18
 3   19
 4   2
 4   3
 4   7
 4   9
 4   10
 4   14
 4   16
 4   18
 4   19
 5   1
 5   6
 5   8
 5   11
 5   12
 5   13
 5   15
 5   17
 5   19
 5   20
 6   1
 6   5
 6   8
 6   9
 6   10
 6   11
 6   12
 6   13
 6   15
 6   17
 7   2
 7   3
 7   4
 7   10
 7   14
 7   18
 7   19
 8   1
 8   5
 8   6
 8   11
 8   12
 8   13
 8   15
 8   17
 8   20
 9   2
 9   3
 9   4
 9   6
 9   10
 9   14
 9   16
 9   18
 10   2
 10   3
 10   4
 10   6
 10   7
 10   9
 10   11
 10   14
 10   16
 10   18
 10   19
 11   1
 11   5
 11   6
 11   8
 11   10
 11   12
 11   13
 11   14
 11   15
 11   17
 12   1
 12   5
 12   6
 12   8
 12   11
 12   13
 12   15
 13   1
 13   3
 13   5
 13   6
 13   8
 13   11
 13   12
 13   15
 13   17
 13   20
 14   2
 14   3
 14   4
 14   7
 14   9
 14   10
 14   11
 14   16
 14   18
 14   19
 15   1
 15   3
 15   5
 15   6
 15   8
 15   11
 15   12
 15   13
 15   17
 15   19
 15   20
 16   3
 16   4
 16   9
 16   10
 16   14
 16   18
 16   19
 17   1
 17   5
 17   6
 17   8
 17   11
 17   13
 17   15
 18   2
 18   3
 18   4
 18   7
 18   9
 18   10
 18   14
 18   16
 18   19
 19   3
 19   4
 19   5
 19   7
 19   10
 19   14
 19   15
 19   16
 19   18
 20   1
 20   5
 20   8
 20   13
 20   15
