https://powcoder.com
代写代考加微信 powcoder
Assignment Project Exam Help
Add WeChat powcoder
https://powcoder.com
代写代考加微信 powcoder
Assignment Project Exam Help
Add WeChat powcoder
 1   2
 1   3
 1   11
 1   15
 1   16
 1   17
 1   18
 1   19
 2   1
 2   3
 2   6
 2   11
 2   15
 2   16
 2   17
 2   18
 2   19
 2   20
 3   1
 3   2
 3   5
 3   11
 3   15
 3   16
 3   17
 3   18
 3   19
 3   20
 4   5
 4   6
 4   7
 4   8
 4   9
 4   10
 4   12
 4   13
 4   14
 4   16
 5   3
 5   4
 5   6
 5   7
 5   8
 5   9
 5   10
 5   12
 5   13
 5   14
 6   2
 6   4
 6   5
 6   7
 6   8
 6   9
 6   10
 6   13
 6   14
 6   17
 7   4
 7   5
 7   6
 7   8
 7   9
 7   10
 7   12
 7   13
 7   14
 7   18
 8   4
 8   5
 8   6
 8   7
 8   9
 8   10
 8   12
 8   14
 8   19
 9   4
 9   5
 9   6
 9   7
 9   8
 9   10
 9   12
 9   13
 9   14
 9   19
 10   4
 10   5
 10   6
 10   7
 10   8
 10   9
 10   12
 10   13
 10   14
 11   1
 11   2
 11   3
 11   15
 11   16
 11   17
 11   18
 11   19
 11   20
 12   4
 12   5
 12   7
 12   8
 12   9
 12   10
 12   13
 12   14
 13   4
 13   5
 13   6
 13   7
 13   9
 13   10
 13   12
 13   14
 13   20
 14   4
 14   5
 14   6
 14   7
 14   8
 14   9
 14   10
 14   12
 14   13
 15   1
 15   2
 15   3
 15   11
 15   16
 15   17
 15   18
 15   19
 16   1
 16   2
 16   3
 16   4
 16   11
 16   15
 16   18
 16   19
 16   20
 17   1
 17   2
 17   3
 17   6
 17   11
 17   15
 17   18
 17   19
 18   1
 18   2
 18   3
 18   7
 18   11
 18   15
 18   16
 18   17
 18   19
 18   20
 19   1
 19   2
 19   3
 19   8
 19   9
 19   11
 19   15
 19   16
 19   17
 19   18
 19   20
 20   2
 20   3
 20   11
 20   13
 20   16
 20   18
 20   19
