https://powcoder.com
代写代考加微信 powcoder
Assignment Project Exam Help
Add WeChat powcoder
https://powcoder.com
代写代考加微信 powcoder
Assignment Project Exam Help
Add WeChat powcoder
 1   2
 1   4
 1   5
 1   6
 1   12
 1   16
 1   17
 1   18
 1   19
 2   1
 2   4
 2   5
 2   6
 2   12
 2   15
 2   16
 2   17
 2   18
 2   19
 3   7
 3   8
 3   9
 3   10
 3   11
 3   12
 3   13
 3   14
 3   15
 3   20
 4   1
 4   2
 4   5
 4   6
 4   12
 4   16
 4   17
 4   18
 4   19
 4   20
 5   1
 5   2
 5   4
 5   6
 5   12
 5   13
 5   17
 5   19
 6   1
 6   2
 6   4
 6   5
 6   12
 6   16
 6   17
 6   18
 6   19
 7   3
 7   8
 7   10
 7   13
 7   14
 7   15
 7   20
 8   3
 8   7
 8   9
 8   11
 8   13
 8   14
 8   15
 8   17
 8   20
 9   3
 9   8
 9   10
 9   11
 9   13
 9   15
 9   17
 9   19
 9   20
 10   3
 10   7
 10   9
 10   11
 10   13
 10   14
 10   15
 10   20
 11   3
 11   8
 11   9
 11   10
 11   13
 11   15
 11   20
 12   1
 12   2
 12   3
 12   4
 12   5
 12   6
 12   15
 12   16
 12   17
 12   18
 13   3
 13   5
 13   7
 13   8
 13   9
 13   10
 13   11
 13   14
 13   15
 13   20
 14   3
 14   7
 14   8
 14   10
 14   13
 14   15
 14   20
 15   2
 15   3
 15   7
 15   8
 15   9
 15   10
 15   11
 15   12
 15   13
 15   14
 15   20
 16   1
 16   2
 16   4
 16   6
 16   12
 16   17
 16   18
 16   19
 17   1
 17   2
 17   4
 17   5
 17   6
 17   8
 17   9
 17   12
 17   16
 17   19
 18   1
 18   2
 18   4
 18   6
 18   12
 18   16
 18   19
 19   1
 19   2
 19   4
 19   5
 19   6
 19   9
 19   16
 19   17
 19   18
 20   3
 20   4
 20   7
 20   8
 20   9
 20   10
 20   11
 20   13
 20   14
 20   15
