https://powcoder.com
代写代考加微信 powcoder
Assignment Project Exam Help
Add WeChat powcoder
https://powcoder.com
代写代考加微信 powcoder
Assignment Project Exam Help
Add WeChat powcoder
 1   3
 1   4
 1   5
 1   8
 1   10
 1   16
 1   17
 1   18
 1   19
 2   4
 2   6
 2   7
 2   9
 2   11
 2   12
 2   13
 2   14
 2   15
 3   1
 3   4
 3   5
 3   8
 3   10
 3   16
 3   17
 3   18
 3   19
 3   20
 4   1
 4   2
 4   3
 4   5
 4   8
 4   10
 4   11
 4   16
 4   17
 4   18
 4   19
 5   1
 5   3
 5   4
 5   8
 5   10
 5   14
 5   16
 5   17
 5   18
 5   19
 6   2
 6   7
 6   9
 6   11
 6   12
 6   13
 6   14
 6   15
 6   20
 7   2
 7   6
 7   9
 7   11
 7   12
 7   13
 7   14
 7   15
 7   17
 7   20
 8   1
 8   3
 8   4
 8   5
 8   10
 8   13
 8   16
 8   17
 8   18
 8   19
 9   2
 9   6
 9   7
 9   11
 9   12
 9   13
 9   15
 9   20
 10   1
 10   3
 10   4
 10   5
 10   8
 10   13
 10   16
 10   17
 10   18
 11   2
 11   4
 11   6
 11   7
 11   9
 11   12
 11   13
 11   14
 11   15
 11   20
 12   2
 12   6
 12   7
 12   9
 12   11
 12   13
 12   14
 12   15
 12   18
 12   20
 13   2
 13   6
 13   7
 13   8
 13   9
 13   10
 13   11
 13   12
 13   14
 13   15
 13   20
 14   2
 14   5
 14   6
 14   7
 14   11
 14   12
 14   13
 14   15
 14   20
 15   2
 15   6
 15   7
 15   9
 15   11
 15   12
 15   13
 15   14
 15   20
 16   1
 16   3
 16   4
 16   5
 16   8
 16   10
 16   17
 16   19
 17   1
 17   3
 17   4
 17   5
 17   7
 17   8
 17   10
 17   16
 17   18
 17   19
 18   1
 18   3
 18   4
 18   5
 18   8
 18   10
 18   12
 18   17
 18   19
 19   1
 19   3
 19   4
 19   5
 19   8
 19   16
 19   17
 19   18
 20   3
 20   6
 20   7
 20   9
 20   11
 20   12
 20   13
 20   14
 20   15
