https://powcoder.com
代写代考加微信 powcoder
Assignment Project Exam Help
Add WeChat powcoder
https://powcoder.com
代写代考加微信 powcoder
Assignment Project Exam Help
Add WeChat powcoder
 1   4
 1   7
 1   9
 1   10
 1   13
 1   14
 1   16
 1   17
 1   18
 2   3
 2   5
 2   6
 2   10
 2   11
 2   12
 2   15
 2   19
 2   20
 3   2
 3   5
 3   6
 3   10
 3   11
 3   12
 3   15
 3   19
 3   20
 4   1
 4   6
 4   8
 4   9
 4   13
 4   14
 4   16
 4   17
 4   18
 5   2
 5   3
 5   6
 5   10
 5   11
 5   13
 5   15
 5   19
 5   20
 6   2
 6   3
 6   4
 6   5
 6   10
 6   11
 6   12
 6   19
 6   20
 7   1
 7   9
 7   13
 7   14
 7   16
 7   17
 7   18
 8   4
 8   9
 8   13
 8   14
 8   16
 8   18
 9   1
 9   4
 9   7
 9   8
 9   13
 9   14
 9   16
 9   17
 9   18
 10   1
 10   2
 10   3
 10   5
 10   6
 10   11
 10   12
 10   15
 10   19
 10   20
 11   2
 11   3
 11   5
 11   6
 11   10
 11   12
 11   15
 11   19
 11   20
 12   2
 12   3
 12   6
 12   10
 12   11
 12   13
 12   15
 12   19
 12   20
 13   1
 13   4
 13   5
 13   7
 13   8
 13   9
 13   12
 13   14
 13   15
 13   16
 13   17
 13   18
 14   1
 14   4
 14   7
 14   8
 14   9
 14   13
 14   16
 14   17
 14   18
 14   20
 15   2
 15   3
 15   5
 15   10
 15   11
 15   12
 15   13
 15   19
 15   20
 16   1
 16   4
 16   7
 16   8
 16   9
 16   13
 16   14
 16   17
 16   20
 17   1
 17   4
 17   7
 17   9
 17   13
 17   14
 17   16
 17   18
 17   20
 18   1
 18   4
 18   7
 18   8
 18   9
 18   13
 18   14
 18   17
 19   2
 19   3
 19   5
 19   6
 19   10
 19   11
 19   12
 19   15
 19   20
 20   2
 20   3
 20   5
 20   6
 20   10
 20   11
 20   12
 20   14
 20   15
 20   16
 20   17
 20   19
