https://powcoder.com
代写代考加微信 powcoder
Assignment Project Exam Help
Add WeChat powcoder
https://powcoder.com
代写代考加微信 powcoder
Assignment Project Exam Help
Add WeChat powcoder
 1   2
 1   6
 1   8
 1   10
 1   13
 1   15
 1   16
 1   18
 1   19
 1   20
 2   1
 2   6
 2   8
 2   10
 2   13
 2   15
 2   16
 2   18
 2   19
 3   4
 3   5
 3   7
 3   9
 3   11
 3   12
 3   14
 3   15
 3   17
 3   20
 4   3
 4   5
 4   9
 4   11
 4   12
 4   14
 4   20
 5   3
 5   4
 5   7
 5   9
 5   11
 5   13
 5   14
 5   20
 6   1
 6   2
 6   8
 6   10
 6   13
 6   15
 6   16
 6   18
 6   19
 7   3
 7   5
 7   11
 7   12
 7   14
 7   17
 7   20
 8   1
 8   2
 8   6
 8   10
 8   15
 8   16
 8   18
 9   3
 9   4
 9   5
 9   11
 9   12
 9   14
 9   15
 9   17
 9   20
 10   1
 10   2
 10   6
 10   8
 10   11
 10   13
 10   15
 10   16
 10   18
 10   19
 11   3
 11   4
 11   5
 11   7
 11   9
 11   10
 11   12
 11   14
 11   17
 11   20
 12   3
 12   4
 12   7
 12   9
 12   11
 12   14
 12   15
 12   17
 12   20
 13   1
 13   2
 13   5
 13   6
 13   10
 13   15
 13   16
 13   18
 13   19
 14   3
 14   4
 14   5
 14   7
 14   9
 14   11
 14   12
 14   17
 14   20
 15   1
 15   2
 15   3
 15   6
 15   8
 15   9
 15   10
 15   12
 15   13
 15   16
 15   19
 16   1
 16   2
 16   6
 16   8
 16   10
 16   13
 16   15
 16   18
 16   20
 17   3
 17   7
 17   9
 17   11
 17   12
 17   14
 17   20
 18   1
 18   2
 18   6
 18   8
 18   10
 18   13
 18   16
 18   19
 19   1
 19   2
 19   6
 19   10
 19   13
 19   15
 19   18
 19   20
 20   1
 20   3
 20   4
 20   5
 20   7
 20   9
 20   11
 20   12
 20   14
 20   16
 20   17
 20   19
