https://powcoder.com
代写代考加微信 powcoder
Assignment Project Exam Help
Add WeChat powcoder
https://powcoder.com
代写代考加微信 powcoder
Assignment Project Exam Help
Add WeChat powcoder
 1   2
 1   4
 1   6
 1   7
 1   10
 1   14
 1   17
 1   18
 2   1
 2   3
 2   4
 2   6
 2   7
 2   10
 2   14
 2   18
 2   19
 3   2
 3   5
 3   6
 3   8
 3   9
 3   11
 3   12
 3   15
 3   16
 3   18
 4   1
 4   2
 4   6
 4   7
 4   10
 4   14
 4   17
 4   19
 5   3
 5   8
 5   9
 5   11
 5   12
 5   13
 5   15
 5   16
 5   20
 6   1
 6   2
 6   3
 6   4
 6   7
 6   10
 6   14
 6   17
 6   18
 6   19
 7   1
 7   2
 7   4
 7   6
 7   10
 7   14
 7   17
 7   18
 7   19
 8   3
 8   5
 8   9
 8   11
 8   12
 8   13
 8   15
 8   16
 8   17
 8   20
 9   3
 9   5
 9   8
 9   11
 9   12
 9   13
 9   15
 9   16
 9   17
 9   20
 10   1
 10   2
 10   4
 10   6
 10   7
 10   14
 10   17
 10   19
 11   3
 11   5
 11   8
 11   9
 11   12
 11   13
 11   15
 11   16
 11   20
 12   3
 12   5
 12   8
 12   9
 12   11
 12   13
 12   15
 12   16
 12   17
 12   19
 12   20
 13   5
 13   8
 13   9
 13   11
 13   12
 13   15
 13   16
 13   20
 14   1
 14   2
 14   4
 14   6
 14   7
 14   10
 14   17
 14   18
 14   19
 15   3
 15   5
 15   8
 15   9
 15   11
 15   12
 15   13
 15   16
 15   20
 16   3
 16   5
 16   8
 16   9
 16   11
 16   12
 16   13
 16   15
 16   18
 16   20
 17   1
 17   4
 17   6
 17   7
 17   8
 17   9
 17   10
 17   12
 17   14
 17   18
 17   19
 18   1
 18   2
 18   3
 18   6
 18   7
 18   14
 18   16
 18   17
 18   19
 19   2
 19   4
 19   6
 19   7
 19   10
 19   12
 19   14
 19   17
 19   18
 20   5
 20   8
 20   9
 20   11
 20   12
 20   13
 20   15
 20   16
