https://powcoder.com
代写代考加微信 powcoder
Assignment Project Exam Help
Add WeChat powcoder
https://powcoder.com
代写代考加微信 powcoder
Assignment Project Exam Help
Add WeChat powcoder
 1   4
 1   5
 1   8
 1   11
 1   12
 1   13
 1   14
 1   15
 1   16
 2   3
 2   6
 2   9
 2   10
 2   13
 2   17
 2   19
 2   20
 3   2
 3   7
 3   9
 3   17
 3   18
 3   19
 3   20
 4   1
 4   5
 4   8
 4   9
 4   11
 4   12
 4   13
 4   14
 4   15
 4   16
 5   1
 5   4
 5   7
 5   11
 5   13
 5   14
 5   16
 6   2
 6   7
 6   9
 6   10
 6   17
 6   18
 6   19
 6   20
 7   3
 7   5
 7   6
 7   9
 7   10
 7   16
 7   17
 7   19
 7   20
 8   1
 8   4
 8   11
 8   12
 8   13
 8   14
 8   15
 8   16
 9   2
 9   3
 9   4
 9   6
 9   7
 9   10
 9   17
 9   19
 9   20
 10   2
 10   6
 10   7
 10   9
 10   14
 10   19
 10   20
 11   1
 11   4
 11   5
 11   8
 11   12
 11   13
 11   14
 11   15
 11   16
 12   1
 12   4
 12   8
 12   11
 12   13
 12   15
 12   16
 12   19
 13   1
 13   2
 13   4
 13   5
 13   8
 13   11
 13   12
 13   14
 13   15
 14   1
 14   4
 14   5
 14   8
 14   10
 14   11
 14   13
 14   15
 14   16
 14   20
 15   1
 15   4
 15   8
 15   11
 15   12
 15   13
 15   14
 15   16
 15   18
 16   1
 16   4
 16   5
 16   7
 16   8
 16   11
 16   12
 16   14
 16   15
 17   2
 17   3
 17   6
 17   7
 17   9
 17   18
 17   19
 17   20
 18   3
 18   6
 18   15
 18   17
 18   19
 18   20
 19   2
 19   3
 19   6
 19   7
 19   9
 19   10
 19   12
 19   17
 19   18
 19   20
 20   2
 20   3
 20   6
 20   7
 20   9
 20   10
 20   14
 20   17
 20   18
 20   19
