https://powcoder.com
代写代考加微信 powcoder
Assignment Project Exam Help
Add WeChat powcoder
https://powcoder.com
代写代考加微信 powcoder
Assignment Project Exam Help
Add WeChat powcoder
 1   5
 1   6
 1   8
 1   10
 1   12
 1   14
 1   20
 2   3
 2   9
 2   11
 2   12
 2   13
 2   15
 2   16
 2   18
 2   19
 3   2
 3   5
 3   8
 3   11
 3   13
 3   15
 3   16
 3   19
 3   20
 4   8
 4   9
 4   11
 4   13
 4   15
 4   16
 4   18
 5   1
 5   3
 5   6
 5   8
 5   10
 5   12
 5   17
 6   1
 6   5
 6   7
 6   8
 6   10
 6   12
 6   14
 6   17
 6   20
 7   6
 7   8
 7   10
 7   12
 7   14
 7   17
 7   20
 8   1
 8   3
 8   4
 8   5
 8   6
 8   7
 8   10
 8   12
 8   14
 8   17
 8   20
 9   2
 9   4
 9   11
 9   13
 9   16
 9   18
 9   19
 10   1
 10   5
 10   6
 10   7
 10   8
 10   12
 10   13
 10   20
 11   2
 11   3
 11   4
 11   9
 11   13
 11   15
 11   16
 11   18
 11   19
 12   1
 12   2
 12   5
 12   6
 12   7
 12   8
 12   10
 12   13
 12   14
 12   18
 13   2
 13   3
 13   4
 13   9
 13   10
 13   11
 13   12
 13   15
 13   16
 13   18
 13   19
 14   1
 14   6
 14   7
 14   8
 14   12
 14   20
 15   2
 15   3
 15   4
 15   11
 15   13
 15   16
 15   18
 15   19
 16   2
 16   3
 16   4
 16   9
 16   11
 16   13
 16   15
 16   18
 16   19
 17   5
 17   6
 17   7
 17   8
 17   20
 18   2
 18   4
 18   9
 18   11
 18   12
 18   13
 18   15
 18   16
 18   19
 19   2
 19   3
 19   9
 19   11
 19   13
 19   15
 19   16
 19   18
 20   1
 20   3
 20   6
 20   7
 20   8
 20   10
 20   14
 20   17
