https://powcoder.com
代写代考加微信 powcoder
Assignment Project Exam Help
Add WeChat powcoder
https://powcoder.com
代写代考加微信 powcoder
Assignment Project Exam Help
Add WeChat powcoder
 1   2
 1   3
 1   4
 1   7
 1   10
 1   13
 1   14
 1   15
 1   16
 1   20
 2   1
 2   3
 2   4
 2   7
 2   10
 2   14
 2   15
 2   16
 2   20
 3   1
 3   2
 3   4
 3   7
 3   10
 3   14
 3   15
 3   16
 3   19
 3   20
 4   1
 4   2
 4   3
 4   10
 4   13
 4   14
 4   15
 4   16
 4   17
 4   20
 5   6
 5   8
 5   9
 5   11
 5   12
 5   13
 5   17
 5   18
 5   19
 6   5
 6   9
 6   11
 6   12
 6   13
 6   17
 6   18
 6   19
 7   1
 7   2
 7   3
 7   10
 7   14
 7   15
 7   20
 8   5
 8   9
 8   11
 8   12
 8   13
 8   14
 8   17
 8   18
 8   19
 9   5
 9   6
 9   8
 9   11
 9   12
 9   13
 9   17
 9   18
 9   19
 10   1
 10   2
 10   3
 10   4
 10   7
 10   14
 10   15
 10   16
 10   20
 11   5
 11   6
 11   8
 11   9
 11   12
 11   13
 11   14
 11   17
 11   19
 12   5
 12   6
 12   8
 12   9
 12   11
 12   13
 12   17
 12   18
 12   19
 13   1
 13   4
 13   5
 13   6
 13   8
 13   9
 13   11
 13   12
 13   17
 13   18
 13   19
 13   20
 14   1
 14   2
 14   3
 14   4
 14   7
 14   8
 14   10
 14   11
 14   16
 14   19
 14   20
 15   1
 15   2
 15   3
 15   4
 15   7
 15   10
 15   16
 15   20
 16   1
 16   2
 16   3
 16   4
 16   10
 16   14
 16   15
 16   20
 17   4
 17   5
 17   6
 17   8
 17   9
 17   11
 17   12
 17   13
 17   18
 17   19
 18   5
 18   6
 18   8
 18   9
 18   12
 18   13
 18   17
 18   19
 19   3
 19   5
 19   6
 19   8
 19   9
 19   11
 19   12
 19   13
 19   14
 19   17
 19   18
 20   1
 20   2
 20   3
 20   4
 20   7
 20   10
 20   13
 20   14
 20   15
 20   16
