https://powcoder.com
代写代考加微信 powcoder
Assignment Project Exam Help
Add WeChat powcoder
https://powcoder.com
代写代考加微信 powcoder
Assignment Project Exam Help
Add WeChat powcoder
 1   2
 1   4
 1   11
 1   14
 1   15
 1   16
 1   17
 1   18
 1   19
 1   20
 2   1
 2   4
 2   11
 2   14
 2   15
 2   16
 2   18
 2   19
 2   20
 3   5
 3   6
 3   7
 3   9
 3   10
 3   12
 3   13
 3   17
 3   20
 4   1
 4   2
 4   11
 4   14
 4   15
 4   16
 4   18
 4   19
 4   20
 5   3
 5   6
 5   7
 5   8
 5   9
 5   10
 5   12
 5   13
 5   14
 5   17
 5   18
 6   3
 6   5
 6   7
 6   8
 6   9
 6   10
 6   11
 6   12
 6   13
 6   17
 7   3
 7   5
 7   6
 7   8
 7   12
 7   13
 7   17
 8   5
 8   6
 8   7
 8   9
 8   10
 8   12
 8   13
 9   3
 9   5
 9   6
 9   8
 9   10
 9   12
 9   13
 9   16
 9   17
 10   3
 10   5
 10   6
 10   8
 10   9
 10   12
 10   13
 10   17
 11   1
 11   2
 11   4
 11   6
 11   14
 11   15
 11   16
 11   18
 11   19
 11   20
 12   3
 12   5
 12   6
 12   7
 12   8
 12   9
 12   10
 12   13
 12   17
 12   19
 13   3
 13   5
 13   6
 13   7
 13   8
 13   9
 13   10
 13   12
 13   17
 13   19
 14   1
 14   2
 14   4
 14   5
 14   11
 14   15
 14   16
 14   18
 14   19
 14   20
 15   1
 15   2
 15   4
 15   11
 15   14
 15   18
 15   19
 15   20
 16   1
 16   2
 16   4
 16   9
 16   11
 16   14
 16   18
 16   19
 16   20
 17   1
 17   3
 17   5
 17   6
 17   7
 17   9
 17   10
 17   12
 17   13
 18   1
 18   2
 18   4
 18   5
 18   11
 18   14
 18   15
 18   16
 18   19
 18   20
 19   1
 19   2
 19   4
 19   11
 19   12
 19   13
 19   14
 19   15
 19   16
 19   18
 19   20
 20   1
 20   2
 20   3
 20   4
 20   11
 20   14
 20   15
 20   16
 20   18
 20   19
