https://powcoder.com
代写代考加微信 powcoder
Assignment Project Exam Help
Add WeChat powcoder
https://powcoder.com
代写代考加微信 powcoder
Assignment Project Exam Help
Add WeChat powcoder
 1   2
 1   3
 1   5
 1   6
 1   7
 1   9
 1   10
 1   14
 1   17
 1   18
 2   1
 2   3
 2   5
 2   6
 2   7
 2   10
 2   12
 2   14
 2   17
 2   18
 3   1
 3   2
 3   5
 3   6
 3   7
 3   10
 3   14
 3   17
 3   18
 4   6
 4   8
 4   9
 4   11
 4   12
 4   13
 4   15
 4   16
 4   19
 4   20
 5   1
 5   2
 5   3
 5   6
 5   7
 5   10
 5   13
 5   14
 5   17
 5   18
 6   1
 6   2
 6   3
 6   4
 6   5
 6   7
 6   10
 6   14
 6   17
 6   18
 6   19
 7   1
 7   2
 7   3
 7   5
 7   6
 7   10
 7   14
 7   17
 7   18
 8   4
 8   9
 8   11
 8   12
 8   13
 8   16
 8   19
 8   20
 9   1
 9   4
 9   8
 9   11
 9   12
 9   13
 9   15
 9   16
 9   19
 9   20
 10   1
 10   2
 10   3
 10   5
 10   6
 10   7
 10   14
 10   17
 10   18
 11   4
 11   8
 11   9
 11   13
 11   15
 11   16
 11   19
 11   20
 12   2
 12   4
 12   8
 12   9
 12   13
 12   15
 12   16
 12   17
 12   19
 13   4
 13   5
 13   8
 13   9
 13   11
 13   12
 13   15
 13   16
 13   19
 13   20
 14   1
 14   2
 14   3
 14   5
 14   6
 14   7
 14   10
 14   17
 14   18
 15   4
 15   9
 15   11
 15   12
 15   13
 15   16
 15   19
 15   20
 16   4
 16   8
 16   9
 16   11
 16   12
 16   13
 16   15
 16   19
 16   20
 17   1
 17   2
 17   3
 17   5
 17   6
 17   7
 17   10
 17   12
 17   14
 17   18
 18   1
 18   2
 18   3
 18   5
 18   6
 18   7
 18   10
 18   14
 18   17
 19   4
 19   6
 19   8
 19   9
 19   11
 19   12
 19   13
 19   15
 19   16
 19   20
 20   4
 20   8
 20   9
 20   11
 20   13
 20   15
 20   16
 20   19
