https://powcoder.com
代写代考加微信 powcoder
Assignment Project Exam Help
Add WeChat powcoder
https://powcoder.com
代写代考加微信 powcoder
Assignment Project Exam Help
Add WeChat powcoder
 1   4
 1   5
 1   6
 1   7
 1   8
 1   10
 1   11
 1   16
 1   17
 2   3
 2   9
 2   12
 2   13
 2   14
 2   15
 2   16
 2   18
 2   19
 2   20
 3   2
 3   7
 3   9
 3   12
 3   13
 3   14
 3   15
 3   18
 3   19
 3   20
 4   1
 4   5
 4   6
 4   8
 4   10
 4   11
 4   12
 4   16
 4   17
 5   1
 5   4
 5   6
 5   7
 5   8
 5   10
 5   11
 5   13
 5   16
 5   17
 6   1
 6   4
 6   5
 6   7
 6   8
 6   10
 6   11
 6   16
 6   17
 7   1
 7   3
 7   5
 7   6
 7   8
 7   10
 7   11
 7   16
 7   17
 8   1
 8   4
 8   5
 8   6
 8   7
 8   10
 8   11
 8   16
 8   17
 8   18
 9   2
 9   3
 9   11
 9   12
 9   13
 9   14
 9   15
 9   18
 9   20
 10   1
 10   4
 10   5
 10   6
 10   7
 10   8
 10   11
 10   16
 10   17
 10   19
 11   1
 11   4
 11   5
 11   6
 11   7
 11   8
 11   9
 11   10
 11   16
 11   17
 12   2
 12   3
 12   4
 12   9
 12   13
 12   14
 12   15
 12   18
 12   19
 12   20
 13   2
 13   3
 13   5
 13   9
 13   12
 13   14
 13   15
 13   18
 13   19
 13   20
 14   2
 14   3
 14   9
 14   12
 14   13
 14   15
 14   18
 14   19
 14   20
 15   2
 15   3
 15   9
 15   12
 15   13
 15   14
 15   17
 15   18
 15   19
 15   20
 16   1
 16   2
 16   4
 16   5
 16   6
 16   7
 16   8
 16   10
 16   11
 16   17
 17   1
 17   4
 17   5
 17   6
 17   7
 17   8
 17   10
 17   11
 17   15
 17   16
 18   2
 18   3
 18   8
 18   9
 18   12
 18   13
 18   14
 18   15
 18   19
 18   20
 19   2
 19   3
 19   10
 19   12
 19   13
 19   14
 19   15
 19   18
 19   20
 20   2
 20   3
 20   9
 20   12
 20   13
 20   14
 20   15
 20   18
 20   19
