https://powcoder.com
代写代考加微信 powcoder
Assignment Project Exam Help
Add WeChat powcoder
https://powcoder.com
代写代考加微信 powcoder
Assignment Project Exam Help
Add WeChat powcoder
 1   2
 1   4
 1   5
 1   13
 1   15
 1   17
 1   18
 1   20
 2   1
 2   4
 2   5
 2   13
 2   15
 2   17
 2   18
 2   20
 3   4
 3   5
 3   13
 3   15
 3   18
 3   20
 4   1
 4   2
 4   3
 4   5
 4   10
 4   13
 4   14
 4   15
 4   17
 4   18
 4   20
 5   1
 5   2
 5   3
 5   4
 5   11
 5   13
 5   14
 5   15
 5   17
 5   18
 5   20
 6   8
 6   9
 6   10
 6   11
 6   12
 6   14
 6   16
 6   18
 6   19
 6   20
 7   8
 7   9
 7   12
 7   14
 7   16
 7   19
 8   6
 8   7
 8   9
 8   10
 8   11
 8   12
 8   14
 8   16
 8   19
 9   6
 9   7
 9   8
 9   10
 9   11
 9   12
 9   14
 9   16
 9   19
 10   4
 10   6
 10   8
 10   9
 10   14
 10   16
 10   19
 11   5
 11   6
 11   8
 11   9
 11   12
 11   14
 11   16
 11   19
 12   6
 12   7
 12   8
 12   9
 12   11
 12   14
 12   16
 12   19
 13   1
 13   2
 13   3
 13   4
 13   5
 13   15
 13   17
 13   18
 13   20
 14   4
 14   5
 14   6
 14   7
 14   8
 14   9
 14   10
 14   11
 14   12
 14   19
 15   1
 15   2
 15   3
 15   4
 15   5
 15   13
 15   17
 15   18
 15   19
 15   20
 16   6
 16   7
 16   8
 16   9
 16   10
 16   11
 16   12
 16   19
 17   1
 17   2
 17   4
 17   5
 17   13
 17   15
 17   18
 17   20
 18   1
 18   2
 18   3
 18   4
 18   5
 18   6
 18   13
 18   15
 18   17
 18   19
 18   20
 19   6
 19   7
 19   8
 19   9
 19   10
 19   11
 19   12
 19   14
 19   15
 19   16
 19   18
 20   1
 20   2
 20   3
 20   4
 20   5
 20   6
 20   13
 20   15
 20   17
 20   18
