https://powcoder.com
代写代考加微信 powcoder
Assignment Project Exam Help
Add WeChat powcoder
https://powcoder.com
代写代考加微信 powcoder
Assignment Project Exam Help
Add WeChat powcoder
 1   2
 1   3
 1   6
 1   9
 1   10
 1   11
 1   12
 1   13
 1   15
 1   20
 2   1
 2   3
 2   6
 2   9
 2   10
 2   11
 2   13
 2   15
 2   20
 3   1
 3   2
 3   6
 3   9
 3   10
 3   11
 3   12
 3   13
 3   15
 4   5
 4   7
 4   8
 4   10
 4   14
 4   17
 4   18
 4   19
 4   20
 5   4
 5   7
 5   8
 5   14
 5   16
 5   17
 5   18
 5   19
 5   20
 6   1
 6   2
 6   3
 6   8
 6   9
 6   10
 6   11
 6   12
 6   13
 6   15
 6   16
 7   4
 7   5
 7   8
 7   14
 7   16
 7   17
 7   18
 7   19
 7   20
 8   4
 8   5
 8   6
 8   7
 8   14
 8   16
 8   17
 8   18
 8   19
 8   20
 9   1
 9   2
 9   3
 9   6
 9   10
 9   11
 9   12
 9   13
 9   15
 10   1
 10   2
 10   3
 10   4
 10   6
 10   9
 10   11
 10   12
 10   13
 10   15
 11   1
 11   2
 11   3
 11   6
 11   9
 11   10
 11   12
 11   13
 11   15
 12   1
 12   3
 12   6
 12   9
 12   10
 12   11
 12   13
 12   15
 13   1
 13   2
 13   3
 13   6
 13   9
 13   10
 13   11
 13   12
 13   15
 13   18
 14   4
 14   5
 14   7
 14   8
 14   16
 14   18
 14   19
 14   20
 15   1
 15   2
 15   3
 15   6
 15   9
 15   10
 15   11
 15   12
 15   13
 16   5
 16   6
 16   7
 16   8
 16   14
 16   17
 16   18
 16   19
 16   20
 17   4
 17   5
 17   7
 17   8
 17   16
 17   18
 17   19
 17   20
 18   4
 18   5
 18   7
 18   8
 18   13
 18   14
 18   16
 18   17
 18   19
 18   20
 19   4
 19   5
 19   7
 19   8
 19   14
 19   16
 19   17
 19   18
 20   1
 20   2
 20   4
 20   5
 20   7
 20   8
 20   14
 20   16
 20   17
 20   18
