https://powcoder.com
代写代考加微信 powcoder
Assignment Project Exam Help
Add WeChat powcoder
https://powcoder.com
代写代考加微信 powcoder
Assignment Project Exam Help
Add WeChat powcoder
 1   2
 1   6
 1   8
 1   11
 1   12
 1   13
 1   14
 1   15
 1   17
 2   1
 2   6
 2   8
 2   12
 2   13
 2   14
 2   15
 2   17
 3   4
 3   5
 3   7
 3   9
 3   10
 3   16
 3   18
 3   19
 4   3
 4   5
 4   7
 4   9
 4   10
 4   16
 4   18
 4   19
 4   20
 5   3
 5   4
 5   7
 5   9
 5   10
 5   18
 5   19
 5   20
 6   1
 6   2
 6   8
 6   11
 6   12
 6   13
 6   14
 6   17
 6   20
 7   3
 7   4
 7   5
 7   9
 7   10
 7   13
 7   16
 7   18
 7   19
 8   1
 8   2
 8   6
 8   11
 8   12
 8   13
 8   14
 8   17
 9   3
 9   4
 9   5
 9   7
 9   11
 9   16
 9   19
 9   20
 10   3
 10   4
 10   5
 10   7
 10   18
 10   19
 10   20
 11   1
 11   6
 11   8
 11   9
 11   12
 11   13
 11   15
 11   17
 12   1
 12   2
 12   6
 12   8
 12   11
 12   13
 12   14
 12   16
 12   17
 12   19
 13   1
 13   2
 13   6
 13   7
 13   8
 13   11
 13   12
 13   14
 13   15
 13   17
 14   1
 14   2
 14   6
 14   8
 14   12
 14   13
 14   17
 14   20
 15   1
 15   2
 15   11
 15   13
 15   17
 16   3
 16   4
 16   7
 16   9
 16   12
 16   18
 16   19
 16   20
 17   1
 17   2
 17   6
 17   8
 17   11
 17   12
 17   13
 17   14
 17   15
 18   3
 18   4
 18   5
 18   7
 18   10
 18   16
 18   19
 18   20
 19   3
 19   4
 19   5
 19   7
 19   9
 19   10
 19   12
 19   16
 19   18
 19   20
 20   4
 20   5
 20   6
 20   9
 20   10
 20   14
 20   16
 20   18
 20   19
