https://powcoder.com
代写代考加微信 powcoder
Assignment Project Exam Help
Add WeChat powcoder
https://powcoder.com
代写代考加微信 powcoder
Assignment Project Exam Help
Add WeChat powcoder
 1   4
 1   7
 1   8
 1   9
 1   11
 1   12
 1   14
 1   16
 1   17
 2   3
 2   5
 2   10
 2   11
 2   13
 2   15
 2   17
 2   18
 2   19
 3   2
 3   5
 3   7
 3   10
 3   13
 3   14
 3   15
 3   17
 3   18
 3   19
 3   20
 4   1
 4   6
 4   7
 4   8
 4   9
 4   11
 4   12
 4   13
 4   14
 4   16
 5   2
 5   3
 5   8
 5   11
 5   13
 5   15
 5   17
 5   18
 5   20
 6   4
 6   7
 6   8
 6   11
 6   12
 6   14
 6   16
 7   1
 7   3
 7   4
 7   6
 7   8
 7   11
 7   12
 7   14
 7   16
 8   1
 8   4
 8   5
 8   6
 8   7
 8   9
 8   11
 8   12
 8   14
 8   16
 9   1
 9   4
 9   8
 9   11
 9   12
 9   14
 9   16
 10   2
 10   3
 10   13
 10   15
 10   17
 10   19
 10   20
 11   1
 11   2
 11   4
 11   5
 11   6
 11   7
 11   8
 11   9
 11   12
 11   14
 11   16
 12   1
 12   4
 12   6
 12   7
 12   8
 12   9
 12   11
 12   14
 12   16
 13   2
 13   3
 13   4
 13   5
 13   10
 13   15
 13   17
 13   18
 13   19
 13   20
 14   1
 14   3
 14   4
 14   6
 14   7
 14   8
 14   9
 14   11
 14   12
 14   15
 14   16
 15   2
 15   3
 15   5
 15   10
 15   13
 15   14
 15   17
 15   18
 15   19
 15   20
 16   1
 16   4
 16   6
 16   7
 16   8
 16   9
 16   11
 16   12
 16   14
 17   1
 17   2
 17   3
 17   5
 17   10
 17   13
 17   15
 17   18
 17   19
 17   20
 18   2
 18   3
 18   5
 18   13
 18   15
 18   17
 18   19
 18   20
 19   2
 19   3
 19   10
 19   13
 19   15
 19   17
 19   18
 19   20
 20   3
 20   5
 20   10
 20   13
 20   15
 20   17
 20   18
 20   19
