https://powcoder.com
代写代考加微信 powcoder
Assignment Project Exam Help
Add WeChat powcoder
https://powcoder.com
代写代考加微信 powcoder
Assignment Project Exam Help
Add WeChat powcoder
 1   2
 1   3
 1   4
 1   7
 1   8
 1   9
 1   10
 1   11
 1   13
 1   17
 2   1
 2   3
 2   4
 2   7
 2   8
 2   9
 2   11
 2   13
 2   17
 3   1
 3   2
 3   4
 3   7
 3   9
 3   11
 3   13
 3   17
 4   1
 4   2
 4   3
 4   6
 4   7
 4   8
 4   9
 4   11
 4   13
 4   14
 4   17
 4   19
 5   6
 5   10
 5   12
 5   14
 5   15
 5   16
 5   18
 5   19
 5   20
 6   4
 6   5
 6   10
 6   12
 6   14
 6   16
 6   18
 6   19
 6   20
 7   1
 7   2
 7   3
 7   4
 7   8
 7   9
 7   11
 7   13
 7   17
 8   1
 8   2
 8   4
 8   7
 8   9
 8   11
 8   13
 8   15
 8   17
 9   1
 9   2
 9   3
 9   4
 9   7
 9   8
 9   11
 9   13
 9   17
 9   20
 10   1
 10   5
 10   6
 10   11
 10   12
 10   13
 10   14
 10   15
 10   18
 10   19
 10   20
 11   1
 11   2
 11   3
 11   4
 11   7
 11   8
 11   9
 11   10
 11   17
 12   5
 12   6
 12   10
 12   15
 12   16
 12   18
 12   19
 12   20
 13   1
 13   2
 13   3
 13   4
 13   7
 13   8
 13   9
 13   10
 13   17
 14   4
 14   5
 14   6
 14   10
 14   15
 14   16
 14   18
 14   19
 14   20
 15   5
 15   8
 15   10
 15   12
 15   14
 15   16
 15   18
 15   19
 15   20
 16   5
 16   6
 16   12
 16   14
 16   15
 16   18
 16   19
 16   20
 17   1
 17   2
 17   3
 17   4
 17   7
 17   8
 17   9
 17   11
 17   13
 18   5
 18   6
 18   10
 18   12
 18   14
 18   15
 18   16
 18   20
 19   4
 19   5
 19   6
 19   10
 19   12
 19   14
 19   15
 19   16
 19   20
 20   5
 20   6
 20   9
 20   10
 20   12
 20   14
 20   15
 20   16
 20   18
 20   19
