https://powcoder.com
代写代考加微信 powcoder
Assignment Project Exam Help
Add WeChat powcoder
https://powcoder.com
代写代考加微信 powcoder
Assignment Project Exam Help
Add WeChat powcoder
 1   2
 1   6
 1   7
 1   9
 1   11
 1   15
 1   17
 1   18
 1   19
 1   20
 2   1
 2   3
 2   6
 2   8
 2   9
 2   11
 2   14
 2   15
 2   18
 2   19
 2   20
 3   2
 3   4
 3   5
 3   8
 3   10
 3   13
 3   16
 3   18
 4   3
 4   5
 4   7
 4   8
 4   10
 4   12
 4   13
 4   16
 4   17
 5   3
 5   4
 5   7
 5   8
 5   10
 5   12
 5   13
 5   16
 5   17
 6   1
 6   2
 6   9
 6   11
 6   14
 6   15
 6   17
 6   18
 6   19
 6   20
 7   1
 7   4
 7   5
 7   8
 7   10
 7   12
 7   13
 7   17
 7   19
 8   2
 8   3
 8   4
 8   5
 8   7
 8   10
 8   12
 8   13
 8   16
 8   17
 9   1
 9   2
 9   6
 9   11
 9   14
 9   15
 9   18
 9   19
 9   20
 10   3
 10   4
 10   5
 10   7
 10   8
 10   12
 10   13
 10   16
 10   17
 11   1
 11   2
 11   6
 11   9
 11   14
 11   15
 11   18
 11   19
 11   20
 12   4
 12   5
 12   7
 12   8
 12   10
 12   16
 12   17
 13   3
 13   4
 13   5
 13   7
 13   8
 13   10
 13   16
 13   17
 13   18
 14   2
 14   6
 14   9
 14   11
 14   15
 14   18
 14   19
 14   20
 15   1
 15   2
 15   6
 15   9
 15   11
 15   14
 15   18
 15   19
 15   20
 16   3
 16   4
 16   5
 16   8
 16   10
 16   12
 16   13
 16   17
 17   1
 17   4
 17   5
 17   6
 17   7
 17   8
 17   10
 17   12
 17   13
 17   16
 18   1
 18   2
 18   3
 18   6
 18   9
 18   11
 18   13
 18   14
 18   15
 18   19
 18   20
 19   1
 19   2
 19   6
 19   7
 19   9
 19   11
 19   14
 19   15
 19   18
 19   20
 20   1
 20   2
 20   6
 20   9
 20   11
 20   14
 20   15
 20   18
 20   19
