https://powcoder.com
代写代考加微信 powcoder
Assignment Project Exam Help
Add WeChat powcoder
https://powcoder.com
代写代考加微信 powcoder
Assignment Project Exam Help
Add WeChat powcoder
 1   2
 1   3
 1   7
 1   8
 1   9
 1   10
 1   13
 1   18
 2   1
 2   3
 2   7
 2   8
 2   10
 2   13
 2   16
 2   18
 2   20
 3   1
 3   2
 3   7
 3   9
 3   10
 3   13
 3   18
 3   20
 4   5
 4   6
 4   7
 4   12
 4   15
 4   16
 4   17
 4   19
 5   4
 5   6
 5   7
 5   11
 5   12
 5   14
 5   15
 5   16
 5   18
 5   19
 6   4
 6   5
 6   7
 6   11
 6   12
 6   14
 6   15
 6   16
 6   17
 6   19
 7   1
 7   2
 7   3
 7   4
 7   5
 7   6
 7   8
 7   9
 7   10
 7   13
 7   18
 7   20
 8   1
 8   2
 8   7
 8   10
 8   18
 8   20
 9   1
 9   3
 9   7
 9   10
 9   13
 9   18
 9   20
 10   1
 10   2
 10   3
 10   7
 10   8
 10   9
 10   13
 10   16
 10   18
 10   20
 11   5
 11   6
 11   12
 11   14
 11   15
 11   16
 11   17
 11   19
 12   4
 12   5
 12   6
 12   11
 12   14
 12   15
 12   16
 12   17
 13   1
 13   2
 13   3
 13   7
 13   9
 13   10
 13   16
 13   18
 13   19
 13   20
 14   5
 14   6
 14   11
 14   12
 14   15
 14   16
 14   17
 15   4
 15   5
 15   6
 15   11
 15   12
 15   14
 15   16
 15   17
 15   19
 16   2
 16   4
 16   5
 16   6
 16   10
 16   11
 16   12
 16   13
 16   14
 16   15
 16   17
 16   19
 17   4
 17   6
 17   11
 17   12
 17   14
 17   15
 17   16
 17   19
 18   1
 18   2
 18   3
 18   5
 18   7
 18   8
 18   9
 18   10
 18   13
 18   20
 19   4
 19   5
 19   6
 19   11
 19   13
 19   15
 19   16
 19   17
 20   2
 20   3
 20   7
 20   8
 20   9
 20   10
 20   13
 20   18
