https://powcoder.com
代写代考加微信 powcoder
Assignment Project Exam Help
Add WeChat powcoder
https://powcoder.com
代写代考加微信 powcoder
Assignment Project Exam Help
Add WeChat powcoder
 1   2
 1   4
 1   5
 1   10
 1   11
 1   14
 1   15
 1   17
 1   19
 1   20
 2   1
 2   4
 2   5
 2   10
 2   11
 2   14
 2   15
 2   19
 2   20
 3   6
 3   7
 3   8
 3   9
 3   12
 3   13
 3   16
 3   17
 3   18
 4   1
 4   2
 4   5
 4   8
 4   11
 4   12
 4   15
 4   19
 4   20
 5   1
 5   2
 5   4
 5   10
 5   11
 5   14
 5   19
 5   20
 6   3
 6   8
 6   12
 6   13
 6   16
 6   17
 7   3
 7   8
 7   9
 7   12
 7   13
 7   16
 7   17
 7   18
 7   20
 8   3
 8   4
 8   6
 8   7
 8   16
 8   17
 8   18
 8   19
 9   3
 9   7
 9   13
 9   16
 9   17
 10   1
 10   2
 10   5
 10   14
 10   15
 10   19
 10   20
 11   1
 11   2
 11   4
 11   5
 11   14
 11   16
 11   19
 11   20
 12   3
 12   4
 12   6
 12   7
 12   13
 12   16
 12   17
 12   18
 13   3
 13   6
 13   7
 13   9
 13   12
 13   14
 13   16
 13   17
 13   18
 14   1
 14   2
 14   5
 14   10
 14   11
 14   13
 14   15
 14   19
 14   20
 15   1
 15   2
 15   4
 15   10
 15   14
 15   19
 15   20
 16   3
 16   6
 16   7
 16   8
 16   9
 16   11
 16   12
 16   13
 16   17
 16   18
 16   20
 17   1
 17   3
 17   6
 17   7
 17   8
 17   9
 17   12
 17   13
 17   16
 17   18
 18   3
 18   7
 18   8
 18   12
 18   13
 18   16
 18   17
 19   1
 19   2
 19   4
 19   5
 19   8
 19   10
 19   11
 19   14
 19   15
 19   20
 20   1
 20   2
 20   4
 20   5
 20   7
 20   10
 20   11
 20   14
 20   15
 20   16
 20   19
