https://powcoder.com
代写代考加微信 powcoder
Assignment Project Exam Help
Add WeChat powcoder
https://powcoder.com
代写代考加微信 powcoder
Assignment Project Exam Help
Add WeChat powcoder
 1   2
 1   4
 1   5
 1   6
 1   9
 1   13
 1   16
 1   17
 1   18
 1   19
 1   20
 2   1
 2   4
 2   5
 2   6
 2   9
 2   17
 2   18
 2   19
 2   20
 3   7
 3   8
 3   11
 3   12
 3   13
 3   14
 3   15
 3   16
 4   1
 4   2
 4   5
 4   6
 4   9
 4   17
 4   18
 4   19
 4   20
 5   1
 5   2
 5   4
 5   9
 5   12
 6   1
 6   2
 6   4
 6   7
 6   8
 6   17
 6   18
 6   19
 6   20
 7   3
 7   6
 7   8
 7   12
 7   13
 7   14
 7   15
 7   16
 7   18
 8   3
 8   6
 8   7
 8   10
 8   11
 8   12
 8   14
 8   15
 8   16
 9   1
 9   2
 9   4
 9   5
 9   17
 9   18
 9   19
 10   8
 10   11
 10   12
 10   13
 10   14
 10   15
 10   16
 10   19
 11   3
 11   8
 11   10
 11   12
 11   13
 11   14
 11   16
 12   3
 12   5
 12   7
 12   8
 12   10
 12   11
 12   13
 12   14
 12   15
 12   16
 13   1
 13   3
 13   7
 13   10
 13   11
 13   12
 13   14
 13   16
 14   3
 14   7
 14   8
 14   10
 14   11
 14   12
 14   13
 14   15
 14   16
 15   3
 15   7
 15   8
 15   10
 15   12
 15   14
 15   16
 16   1
 16   3
 16   7
 16   8
 16   10
 16   11
 16   12
 16   13
 16   14
 16   15
 16   17
 17   1
 17   2
 17   4
 17   6
 17   9
 17   16
 17   18
 17   19
 17   20
 18   1
 18   2
 18   4
 18   6
 18   7
 18   9
 18   17
 18   19
 18   20
 19   1
 19   2
 19   4
 19   6
 19   9
 19   10
 19   17
 19   18
 20   1
 20   2
 20   4
 20   6
 20   17
 20   18
