https://powcoder.com
代写代考加微信 powcoder
Assignment Project Exam Help
Add WeChat powcoder
https://powcoder.com
代写代考加微信 powcoder
Assignment Project Exam Help
Add WeChat powcoder
 1   3
 1   4
 1   9
 1   11
 1   12
 1   13
 1   20
 2   3
 2   4
 2   6
 2   9
 2   11
 2   12
 2   13
 2   15
 2   20
 3   1
 3   2
 3   4
 3   6
 3   9
 3   10
 3   11
 3   12
 3   13
 3   18
 3   20
 4   1
 4   2
 4   3
 4   5
 4   6
 4   9
 4   11
 4   12
 4   13
 4   20
 5   4
 5   7
 5   8
 5   10
 5   14
 5   15
 5   16
 5   17
 5   18
 5   19
 6   2
 6   3
 6   4
 6   9
 6   11
 6   13
 6   14
 6   20
 7   5
 7   8
 7   10
 7   14
 7   15
 7   16
 7   17
 7   18
 7   19
 8   5
 8   7
 8   10
 8   13
 8   14
 8   15
 8   16
 8   17
 8   18
 8   19
 9   1
 9   2
 9   3
 9   4
 9   6
 9   11
 9   12
 9   13
 9   20
 10   3
 10   5
 10   7
 10   8
 10   14
 10   15
 10   17
 10   18
 10   19
 11   1
 11   2
 11   3
 11   4
 11   6
 11   9
 11   12
 11   13
 11   17
 11   20
 12   1
 12   2
 12   3
 12   4
 12   9
 12   11
 12   13
 12   20
 13   1
 13   2
 13   3
 13   4
 13   6
 13   8
 13   9
 13   11
 13   12
 13   20
 14   5
 14   6
 14   7
 14   8
 14   10
 14   15
 14   16
 14   17
 14   18
 14   19
 14   20
 15   2
 15   5
 15   7
 15   8
 15   10
 15   14
 15   16
 15   17
 15   18
 15   19
 16   5
 16   7
 16   8
 16   14
 16   15
 16   17
 16   18
 16   19
 17   5
 17   7
 17   8
 17   10
 17   11
 17   14
 17   15
 17   16
 17   18
 17   19
 18   3
 18   5
 18   7
 18   8
 18   10
 18   14
 18   15
 18   16
 18   17
 18   19
 19   5
 19   7
 19   8
 19   10
 19   14
 19   15
 19   16
 19   17
 19   18
 20   1
 20   2
 20   3
 20   4
 20   6
 20   9
 20   11
 20   12
 20   13
 20   14
