https://powcoder.com
代写代考加微信 powcoder
Assignment Project Exam Help
Add WeChat powcoder
https://powcoder.com
代写代考加微信 powcoder
Assignment Project Exam Help
Add WeChat powcoder
 1   2
 1   10
 1   11
 1   12
 1   15
 1   16
 1   18
 2   1
 2   6
 2   7
 2   10
 2   11
 2   12
 2   13
 2   15
 2   17
 2   18
 3   4
 3   5
 3   8
 3   9
 3   14
 3   16
 3   17
 3   19
 3   20
 4   3
 4   5
 4   6
 4   9
 4   14
 4   16
 4   17
 4   20
 5   3
 5   4
 5   6
 5   14
 5   16
 5   17
 5   19
 5   20
 6   2
 6   4
 6   5
 6   7
 6   9
 6   10
 6   11
 6   12
 6   15
 6   18
 7   2
 7   6
 7   10
 7   11
 7   13
 7   15
 7   18
 8   3
 8   9
 8   14
 8   16
 8   17
 8   19
 8   20
 9   3
 9   4
 9   6
 9   8
 9   14
 9   16
 9   17
 9   19
 9   20
 10   1
 10   2
 10   6
 10   7
 10   11
 10   12
 10   13
 10   15
 10   18
 11   1
 11   2
 11   6
 11   7
 11   10
 11   12
 11   13
 11   15
 11   16
 11   18
 12   1
 12   2
 12   6
 12   10
 12   11
 12   13
 12   16
 12   18
 13   2
 13   7
 13   10
 13   11
 13   12
 13   15
 14   3
 14   4
 14   5
 14   8
 14   9
 14   16
 14   17
 14   19
 14   20
 15   1
 15   2
 15   6
 15   7
 15   10
 15   11
 15   13
 15   18
 15   20
 16   1
 16   3
 16   4
 16   5
 16   8
 16   9
 16   11
 16   12
 16   14
 16   17
 16   19
 17   2
 17   3
 17   4
 17   5
 17   8
 17   9
 17   14
 17   16
 18   1
 18   2
 18   6
 18   7
 18   10
 18   11
 18   12
 18   15
 19   3
 19   5
 19   8
 19   9
 19   14
 19   16
 19   20
 20   3
 20   4
 20   5
 20   8
 20   9
 20   14
 20   15
 20   19
