https://powcoder.com
代写代考加微信 powcoder
Assignment Project Exam Help
Add WeChat powcoder
https://powcoder.com
代写代考加微信 powcoder
Assignment Project Exam Help
Add WeChat powcoder
 1   4
 1   6
 1   8
 1   9
 1   12
 1   15
 1   16
 1   19
 1   20
 2   3
 2   5
 2   7
 2   10
 2   11
 2   12
 2   13
 2   14
 2   17
 2   19
 3   2
 3   5
 3   10
 3   11
 3   13
 3   14
 3   17
 3   19
 4   1
 4   6
 4   8
 4   9
 4   15
 4   16
 4   18
 4   20
 5   2
 5   3
 5   7
 5   10
 5   11
 5   13
 5   14
 5   17
 5   19
 6   1
 6   4
 6   8
 6   9
 6   12
 6   15
 6   16
 6   18
 6   20
 7   2
 7   5
 7   10
 7   11
 7   13
 7   14
 7   17
 7   19
 8   1
 8   4
 8   6
 8   9
 8   11
 8   12
 8   15
 8   16
 8   18
 8   20
 9   1
 9   4
 9   6
 9   8
 9   12
 9   15
 9   16
 9   18
 9   20
 10   2
 10   3
 10   5
 10   7
 10   11
 10   13
 10   14
 10   17
 10   19
 11   2
 11   3
 11   5
 11   7
 11   8
 11   10
 11   13
 11   14
 11   17
 11   19
 12   1
 12   2
 12   6
 12   8
 12   9
 12   13
 12   15
 12   16
 12   18
 12   20
 13   2
 13   3
 13   5
 13   7
 13   10
 13   11
 13   12
 13   14
 13   17
 13   19
 14   2
 14   3
 14   5
 14   7
 14   10
 14   11
 14   13
 14   17
 14   19
 14   20
 15   1
 15   4
 15   6
 15   8
 15   9
 15   12
 15   16
 15   18
 15   20
 16   1
 16   4
 16   6
 16   8
 16   9
 16   12
 16   15
 16   18
 16   20
 17   2
 17   3
 17   5
 17   7
 17   10
 17   11
 17   13
 17   14
 17   19
 18   4
 18   6
 18   8
 18   9
 18   12
 18   15
 18   16
 18   19
 18   20
 19   1
 19   2
 19   3
 19   5
 19   7
 19   10
 19   11
 19   13
 19   14
 19   17
 19   18
 20   1
 20   4
 20   6
 20   8
 20   9
 20   12
 20   14
 20   15
 20   16
 20   18
