https://powcoder.com
代写代考加微信 powcoder
Assignment Project Exam Help
Add WeChat powcoder
https://powcoder.com
代写代考加微信 powcoder
Assignment Project Exam Help
Add WeChat powcoder
 1   5
 1   7
 1   9
 1   11
 1   13
 1   14
 1   15
 1   16
 1   19
 1   20
 2   4
 2   5
 2   6
 2   8
 2   10
 2   12
 2   16
 2   17
 2   18
 3   7
 3   9
 3   10
 3   11
 3   13
 3   14
 3   19
 3   20
 4   2
 4   5
 4   6
 4   8
 4   10
 4   12
 4   16
 4   17
 4   18
 5   1
 5   2
 5   4
 5   8
 5   10
 5   12
 5   16
 5   17
 5   18
 6   2
 6   4
 6   7
 6   8
 6   10
 6   11
 6   12
 6   16
 6   17
 7   1
 7   3
 7   6
 7   9
 7   11
 7   13
 7   15
 7   19
 7   20
 8   2
 8   4
 8   5
 8   6
 8   10
 8   12
 8   16
 8   17
 8   18
 9   1
 9   3
 9   7
 9   11
 9   13
 9   14
 9   19
 9   20
 10   2
 10   3
 10   4
 10   5
 10   6
 10   8
 10   12
 10   15
 10   16
 10   17
 10   18
 11   1
 11   3
 11   6
 11   7
 11   9
 11   13
 11   14
 11   15
 11   19
 11   20
 12   2
 12   4
 12   5
 12   6
 12   8
 12   10
 12   13
 12   17
 12   18
 13   1
 13   3
 13   7
 13   9
 13   11
 13   12
 13   14
 13   15
 13   18
 13   19
 13   20
 14   1
 14   3
 14   9
 14   11
 14   13
 14   15
 14   19
 15   1
 15   7
 15   10
 15   11
 15   13
 15   14
 15   19
 16   1
 16   2
 16   4
 16   5
 16   6
 16   8
 16   10
 16   17
 16   18
 17   2
 17   4
 17   5
 17   6
 17   8
 17   10
 17   12
 17   16
 17   18
 18   2
 18   4
 18   5
 18   8
 18   10
 18   12
 18   13
 18   16
 18   17
 19   1
 19   3
 19   7
 19   9
 19   11
 19   13
 19   14
 19   15
 19   20
 20   1
 20   3
 20   7
 20   9
 20   11
 20   13
 20   19
