https://powcoder.com
代写代考加微信 powcoder
Assignment Project Exam Help
Add WeChat powcoder
https://powcoder.com
代写代考加微信 powcoder
Assignment Project Exam Help
Add WeChat powcoder
 1   2
 1   4
 1   6
 1   7
 1   8
 1   9
 1   10
 1   12
 1   14
 1   15
 2   1
 2   3
 2   4
 2   6
 2   8
 2   10
 2   12
 2   13
 2   14
 2   15
 2   17
 3   2
 3   5
 3   7
 3   9
 3   11
 3   14
 3   16
 3   17
 3   18
 3   19
 3   20
 4   1
 4   2
 4   6
 4   8
 4   10
 4   12
 4   13
 4   14
 4   15
 5   3
 5   7
 5   9
 5   11
 5   17
 5   18
 5   19
 6   1
 6   2
 6   4
 6   8
 6   10
 6   12
 6   13
 7   1
 7   3
 7   5
 7   9
 7   11
 7   12
 7   16
 7   17
 7   18
 7   19
 7   20
 8   1
 8   2
 8   4
 8   6
 8   12
 8   13
 8   14
 8   15
 9   1
 9   3
 9   5
 9   7
 9   10
 9   11
 9   16
 9   17
 9   18
 9   19
 9   20
 10   1
 10   2
 10   4
 10   6
 10   9
 10   12
 10   13
 10   14
 10   15
 11   3
 11   5
 11   7
 11   9
 11   16
 11   17
 11   18
 11   19
 11   20
 12   1
 12   2
 12   4
 12   6
 12   7
 12   8
 12   10
 12   13
 12   14
 12   15
 13   2
 13   4
 13   6
 13   8
 13   10
 13   12
 13   14
 13   15
 14   1
 14   2
 14   3
 14   4
 14   8
 14   10
 14   12
 14   13
 14   15
 14   16
 15   1
 15   2
 15   4
 15   8
 15   10
 15   12
 15   13
 15   14
 16   3
 16   7
 16   9
 16   11
 16   14
 16   17
 16   19
 16   20
 17   2
 17   3
 17   5
 17   7
 17   9
 17   11
 17   16
 17   18
 17   19
 17   20
 18   3
 18   5
 18   7
 18   9
 18   11
 18   17
 18   19
 19   3
 19   5
 19   7
 19   9
 19   11
 19   16
 19   17
 19   18
 19   20
 20   3
 20   7
 20   9
 20   11
 20   16
 20   17
 20   19
