https://powcoder.com
代写代考加微信 powcoder
Assignment Project Exam Help
Add WeChat powcoder
https://powcoder.com
代写代考加微信 powcoder
Assignment Project Exam Help
Add WeChat powcoder
 1   3
 1   8
 1   9
 1   13
 1   16
 1   19
 1   20
 2   6
 2   7
 2   8
 2   10
 2   11
 2   12
 2   14
 2   15
 2   17
 2   18
 3   1
 3   4
 3   5
 3   6
 3   9
 3   13
 3   14
 3   16
 3   19
 3   20
 4   3
 4   5
 4   8
 4   9
 4   13
 4   16
 4   20
 5   3
 5   4
 5   8
 5   9
 5   13
 5   19
 5   20
 6   2
 6   3
 6   7
 6   10
 6   12
 6   14
 6   15
 6   17
 6   18
 7   2
 7   6
 7   10
 7   11
 7   12
 7   14
 7   15
 7   17
 7   18
 8   1
 8   2
 8   4
 8   5
 8   9
 8   13
 8   16
 8   19
 8   20
 9   1
 9   3
 9   4
 9   5
 9   8
 9   12
 9   13
 9   19
 9   20
 10   2
 10   6
 10   7
 10   11
 10   14
 10   15
 10   17
 10   18
 10   19
 11   2
 11   7
 11   10
 11   12
 11   14
 11   15
 11   17
 11   18
 12   2
 12   6
 12   7
 12   9
 12   11
 12   14
 12   17
 12   18
 13   1
 13   3
 13   4
 13   5
 13   8
 13   9
 13   18
 13   20
 14   2
 14   3
 14   6
 14   7
 14   10
 14   11
 14   12
 14   15
 14   17
 14   18
 15   2
 15   6
 15   7
 15   10
 15   11
 15   14
 15   17
 16   1
 16   3
 16   4
 16   8
 16   17
 16   19
 16   20
 17   2
 17   6
 17   7
 17   10
 17   11
 17   12
 17   14
 17   15
 17   16
 17   18
 18   2
 18   6
 18   7
 18   10
 18   11
 18   12
 18   13
 18   14
 18   17
 18   20
 19   1
 19   3
 19   5
 19   8
 19   9
 19   10
 19   16
 19   20
 20   1
 20   3
 20   4
 20   5
 20   8
 20   9
 20   13
 20   16
 20   18
 20   19
