https://powcoder.com
代写代考加微信 powcoder
Assignment Project Exam Help
Add WeChat powcoder
https://powcoder.com
代写代考加微信 powcoder
Assignment Project Exam Help
Add WeChat powcoder
 1   5
 1   6
 1   9
 1   10
 1   17
 1   18
 2   4
 2   7
 2   8
 2   11
 2   12
 2   14
 2   15
 2   19
 3   4
 3   5
 3   7
 3   8
 3   10
 3   11
 3   12
 3   14
 3   15
 3   19
 4   2
 4   3
 4   7
 4   8
 4   11
 4   12
 4   13
 4   14
 4   15
 4   18
 4   19
 5   1
 5   3
 5   6
 5   9
 5   10
 5   12
 5   16
 5   17
 5   18
 5   20
 6   1
 6   5
 6   9
 6   16
 6   17
 6   18
 6   20
 7   2
 7   3
 7   4
 7   8
 7   11
 7   12
 7   14
 7   15
 7   19
 8   2
 8   3
 8   4
 8   7
 8   11
 8   12
 8   14
 8   15
 8   18
 8   19
 9   1
 9   5
 9   6
 9   10
 9   12
 9   13
 9   16
 9   17
 9   18
 9   20
 10   1
 10   3
 10   5
 10   9
 10   13
 10   16
 10   17
 10   18
 10   20
 11   2
 11   3
 11   4
 11   7
 11   8
 11   12
 11   14
 11   15
 11   19
 12   2
 12   3
 12   4
 12   5
 12   7
 12   8
 12   9
 12   11
 12   14
 12   15
 12   19
 13   4
 13   9
 13   10
 13   15
 13   16
 13   17
 13   20
 14   2
 14   3
 14   4
 14   7
 14   8
 14   11
 14   12
 14   15
 14   19
 15   2
 15   3
 15   4
 15   7
 15   8
 15   11
 15   12
 15   13
 15   14
 15   19
 16   5
 16   6
 16   9
 16   10
 16   13
 16   17
 16   18
 16   20
 17   1
 17   5
 17   6
 17   9
 17   10
 17   13
 17   16
 17   18
 17   20
 18   1
 18   4
 18   5
 18   6
 18   8
 18   9
 18   10
 18   16
 18   17
 18   20
 19   2
 19   3
 19   4
 19   7
 19   8
 19   11
 19   12
 19   14
 19   15
 20   5
 20   6
 20   9
 20   10
 20   13
 20   16
 20   17
 20   18
