https://powcoder.com
代写代考加微信 powcoder
Assignment Project Exam Help
Add WeChat powcoder
https://powcoder.com
代写代考加微信 powcoder
Assignment Project Exam Help
Add WeChat powcoder
 1   2
 1   3
 1   4
 1   5
 1   9
 1   10
 1   15
 1   17
 1   20
 2   1
 2   3
 2   4
 2   5
 2   9
 2   10
 2   14
 2   17
 2   20
 3   1
 3   2
 3   4
 3   5
 3   9
 3   10
 3   14
 3   15
 3   17
 3   20
 4   1
 4   2
 4   3
 4   5
 4   6
 4   9
 4   10
 4   13
 4   14
 4   17
 4   20
 5   1
 5   2
 5   3
 5   4
 5   9
 5   10
 5   12
 5   14
 5   17
 5   20
 6   4
 6   7
 6   8
 6   11
 6   12
 6   13
 6   15
 6   16
 6   18
 6   19
 7   6
 7   8
 7   11
 7   12
 7   13
 7   15
 7   16
 7   18
 7   19
 8   6
 8   7
 8   11
 8   12
 8   13
 8   15
 8   16
 8   18
 8   19
 9   1
 9   2
 9   3
 9   4
 9   5
 9   10
 9   14
 9   20
 10   1
 10   2
 10   3
 10   4
 10   5
 10   9
 10   14
 10   16
 10   17
 10   20
 11   6
 11   7
 11   8
 11   13
 11   15
 11   16
 11   18
 12   5
 12   6
 12   7
 12   8
 12   13
 12   15
 12   16
 12   18
 12   19
 13   4
 13   6
 13   7
 13   8
 13   11
 13   12
 13   15
 13   16
 13   18
 13   19
 14   2
 14   3
 14   4
 14   5
 14   9
 14   10
 14   17
 14   20
 15   1
 15   3
 15   6
 15   7
 15   8
 15   11
 15   12
 15   13
 15   16
 15   18
 15   19
 16   6
 16   7
 16   8
 16   10
 16   11
 16   12
 16   13
 16   15
 16   19
 17   1
 17   2
 17   3
 17   4
 17   5
 17   10
 17   14
 17   20
 18   6
 18   7
 18   8
 18   11
 18   12
 18   13
 18   15
 18   19
 19   6
 19   7
 19   8
 19   12
 19   13
 19   15
 19   16
 19   18
 20   1
 20   2
 20   3
 20   4
 20   5
 20   9
 20   10
 20   14
 20   17
