https://powcoder.com
代写代考加微信 powcoder
Assignment Project Exam Help
Add WeChat powcoder
https://powcoder.com
代写代考加微信 powcoder
Assignment Project Exam Help
Add WeChat powcoder
 1   5
 1   8
 1   9
 1   11
 1   14
 1   15
 1   16
 1   17
 1   19
 1   20
 2   3
 2   4
 2   6
 2   7
 2   9
 2   10
 2   12
 2   13
 2   14
 2   18
 3   2
 3   7
 3   9
 3   10
 3   12
 3   13
 3   14
 3   18
 4   2
 4   6
 4   7
 4   9
 4   10
 4   12
 4   13
 4   18
 5   1
 5   8
 5   11
 5   14
 5   15
 5   16
 5   17
 5   19
 6   2
 6   4
 6   7
 6   10
 6   12
 6   13
 6   18
 7   2
 7   3
 7   4
 7   6
 7   9
 7   10
 7   12
 7   13
 7   18
 8   1
 8   5
 8   11
 8   12
 8   14
 8   16
 8   17
 8   19
 8   20
 9   1
 9   2
 9   3
 9   4
 9   7
 9   10
 9   12
 9   13
 9   16
 9   18
 10   2
 10   3
 10   4
 10   6
 10   7
 10   9
 10   12
 10   18
 11   1
 11   5
 11   8
 11   14
 11   15
 11   17
 11   19
 11   20
 12   2
 12   3
 12   4
 12   6
 12   7
 12   8
 12   9
 12   10
 12   13
 12   18
 13   2
 13   3
 13   4
 13   6
 13   7
 13   9
 13   12
 13   18
 14   1
 14   2
 14   3
 14   5
 14   8
 14   11
 14   15
 14   16
 14   19
 14   20
 15   1
 15   5
 15   11
 15   14
 15   16
 15   17
 15   19
 15   20
 16   1
 16   5
 16   8
 16   9
 16   14
 16   15
 16   17
 16   19
 16   20
 17   1
 17   5
 17   8
 17   11
 17   15
 17   16
 17   18
 17   20
 18   2
 18   3
 18   4
 18   6
 18   7
 18   9
 18   10
 18   12
 18   13
 18   17
 19   1
 19   5
 19   8
 19   11
 19   14
 19   15
 19   16
 19   20
 20   1
 20   8
 20   11
 20   14
 20   15
 20   16
 20   17
 20   19
