https://powcoder.com
代写代考加微信 powcoder
Assignment Project Exam Help
Add WeChat powcoder
https://powcoder.com
代写代考加微信 powcoder
Assignment Project Exam Help
Add WeChat powcoder
 1   3
 1   4
 1   6
 1   7
 1   10
 1   12
 1   13
 1   16
 2   3
 2   4
 2   6
 2   7
 2   10
 2   12
 2   13
 2   16
 3   1
 3   2
 3   4
 3   6
 3   7
 3   10
 3   12
 3   13
 3   16
 4   1
 4   2
 4   3
 4   6
 4   7
 4   10
 4   11
 4   12
 4   13
 4   16
 5   8
 5   9
 5   10
 5   11
 5   14
 5   15
 5   17
 5   18
 5   19
 5   20
 6   1
 6   2
 6   3
 6   4
 6   7
 6   12
 6   13
 6   16
 7   1
 7   2
 7   3
 7   4
 7   6
 7   8
 7   12
 7   13
 7   15
 7   16
 8   5
 8   7
 8   9
 8   11
 8   14
 8   15
 8   17
 8   18
 8   19
 8   20
 9   5
 9   8
 9   11
 9   14
 9   15
 9   17
 9   18
 9   19
 10   1
 10   2
 10   3
 10   4
 10   5
 10   12
 10   13
 10   16
 11   4
 11   5
 11   8
 11   9
 11   14
 11   17
 11   18
 11   19
 11   20
 12   1
 12   2
 12   3
 12   4
 12   6
 12   7
 12   10
 12   13
 12   15
 13   1
 13   2
 13   3
 13   4
 13   6
 13   7
 13   10
 13   12
 13   14
 13   16
 14   5
 14   8
 14   9
 14   11
 14   13
 14   16
 14   17
 14   19
 14   20
 15   5
 15   7
 15   8
 15   9
 15   12
 15   17
 15   18
 15   19
 15   20
 16   1
 16   2
 16   3
 16   4
 16   6
 16   7
 16   10
 16   13
 16   14
 16   19
 17   5
 17   8
 17   9
 17   11
 17   14
 17   15
 17   18
 17   19
 17   20
 18   5
 18   8
 18   9
 18   11
 18   15
 18   17
 18   19
 18   20
 19   5
 19   8
 19   9
 19   11
 19   14
 19   15
 19   16
 19   17
 19   18
 19   20
 20   5
 20   8
 20   11
 20   14
 20   15
 20   17
 20   18
 20   19
