https://powcoder.com
代写代考加微信 powcoder
Assignment Project Exam Help
Add WeChat powcoder
https://powcoder.com
代写代考加微信 powcoder
Assignment Project Exam Help
Add WeChat powcoder
 1   2
 1   4
 1   7
 1   13
 1   14
 1   16
 2   1
 2   4
 2   5
 2   7
 2   11
 2   12
 2   13
 2   14
 2   15
 2   16
 3   6
 3   8
 3   9
 3   10
 3   11
 3   14
 3   17
 3   18
 3   19
 3   20
 4   1
 4   2
 4   5
 4   7
 4   12
 4   13
 4   14
 4   15
 4   16
 4   20
 5   2
 5   4
 5   7
 5   12
 5   13
 5   14
 5   15
 5   16
 5   20
 6   3
 6   7
 6   8
 6   9
 6   10
 6   11
 6   17
 6   18
 6   19
 6   20
 7   1
 7   2
 7   4
 7   5
 7   6
 7   12
 7   13
 7   14
 7   15
 7   16
 7   18
 8   3
 8   6
 8   9
 8   11
 8   17
 8   19
 8   20
 9   3
 9   6
 9   8
 9   10
 9   11
 9   17
 9   18
 9   19
 9   20
 10   3
 10   6
 10   9
 10   11
 10   17
 10   18
 10   19
 10   20
 11   2
 11   3
 11   6
 11   8
 11   9
 11   10
 11   17
 11   18
 11   19
 11   20
 12   2
 12   4
 12   5
 12   7
 12   13
 12   15
 12   16
 12   17
 13   1
 13   2
 13   4
 13   5
 13   7
 13   12
 13   15
 13   16
 14   1
 14   2
 14   3
 14   4
 14   5
 14   7
 14   15
 14   16
 15   2
 15   4
 15   5
 15   7
 15   12
 15   13
 15   14
 15   16
 16   1
 16   2
 16   4
 16   5
 16   7
 16   12
 16   13
 16   14
 16   15
 16   19
 17   3
 17   6
 17   8
 17   9
 17   10
 17   11
 17   12
 17   18
 17   19
 17   20
 18   3
 18   6
 18   7
 18   9
 18   10
 18   11
 18   17
 18   19
 18   20
 19   3
 19   6
 19   8
 19   9
 19   10
 19   11
 19   16
 19   17
 19   18
 19   20
 20   3
 20   4
 20   5
 20   6
 20   8
 20   9
 20   10
 20   11
 20   17
 20   18
 20   19
