https://powcoder.com
代写代考加微信 powcoder
Assignment Project Exam Help
Add WeChat powcoder
https://powcoder.com
代写代考加微信 powcoder
Assignment Project Exam Help
Add WeChat powcoder
 1   2
 1   3
 1   4
 1   5
 1   8
 1   11
 1   12
 1   15
 2   1
 2   3
 2   6
 2   7
 2   10
 2   13
 2   14
 2   15
 2   16
 2   17
 2   20
 3   1
 3   2
 3   4
 3   5
 3   8
 3   9
 3   11
 3   12
 3   18
 4   1
 4   3
 4   5
 4   8
 4   9
 4   10
 4   11
 4   12
 4   13
 4   18
 4   19
 5   1
 5   3
 5   4
 5   8
 5   9
 5   11
 5   12
 5   13
 5   14
 5   18
 5   19
 6   2
 6   7
 6   10
 6   13
 6   14
 6   15
 6   16
 6   17
 6   20
 7   2
 7   6
 7   10
 7   13
 7   14
 7   15
 7   16
 7   17
 8   1
 8   3
 8   4
 8   5
 8   9
 8   12
 8   15
 8   18
 8   19
 9   3
 9   4
 9   5
 9   8
 9   11
 9   12
 9   18
 9   19
 10   2
 10   4
 10   6
 10   7
 10   13
 10   15
 10   16
 10   17
 10   20
 11   1
 11   3
 11   4
 11   5
 11   9
 11   12
 11   18
 11   19
 12   1
 12   3
 12   4
 12   5
 12   8
 12   9
 12   11
 12   18
 12   19
 13   2
 13   4
 13   5
 13   6
 13   7
 13   10
 13   14
 13   15
 13   17
 13   20
 14   2
 14   5
 14   6
 14   7
 14   13
 14   15
 14   16
 14   17
 14   20
 15   1
 15   2
 15   6
 15   7
 15   8
 15   10
 15   13
 15   14
 15   16
 15   17
 15   20
 16   2
 16   6
 16   7
 16   10
 16   14
 16   15
 16   20
 17   2
 17   6
 17   7
 17   10
 17   13
 17   14
 17   15
 17   20
 18   3
 18   4
 18   5
 18   8
 18   9
 18   11
 18   12
 18   19
 19   4
 19   5
 19   8
 19   9
 19   11
 19   12
 19   18
 20   2
 20   6
 20   10
 20   13
 20   14
 20   15
 20   16
 20   17
