https://powcoder.com
代写代考加微信 powcoder
Assignment Project Exam Help
Add WeChat powcoder
https://powcoder.com
代写代考加微信 powcoder
Assignment Project Exam Help
Add WeChat powcoder
 1   2
 1   3
 1   4
 1   5
 1   14
 1   15
 1   16
 1   17
 1   18
 2   1
 2   3
 2   4
 2   5
 2   7
 2   8
 2   12
 2   14
 2   15
 2   17
 2   18
 3   1
 3   2
 3   4
 3   5
 3   8
 3   9
 3   14
 3   15
 3   17
 3   18
 4   1
 4   2
 4   3
 4   5
 4   14
 4   15
 4   17
 4   18
 5   1
 5   2
 5   3
 5   4
 5   8
 5   14
 5   15
 5   17
 5   18
 5   20
 6   7
 6   9
 6   10
 6   11
 6   12
 6   13
 6   16
 6   19
 6   20
 7   2
 7   6
 7   9
 7   10
 7   13
 7   16
 7   19
 7   20
 8   2
 8   3
 8   5
 8   11
 8   14
 8   15
 8   17
 8   18
 9   3
 9   6
 9   7
 9   11
 9   12
 9   13
 9   15
 9   16
 9   19
 9   20
 10   6
 10   7
 10   11
 10   12
 10   13
 10   16
 10   19
 10   20
 11   6
 11   8
 11   9
 11   10
 11   12
 11   13
 11   16
 11   19
 11   20
 12   2
 12   6
 12   9
 12   10
 12   11
 12   13
 12   16
 12   19
 12   20
 13   6
 13   7
 13   9
 13   10
 13   11
 13   12
 13   16
 13   19
 13   20
 14   1
 14   2
 14   3
 14   4
 14   5
 14   8
 14   15
 14   17
 14   18
 15   1
 15   2
 15   3
 15   4
 15   5
 15   8
 15   9
 15   14
 15   17
 15   18
 16   1
 16   6
 16   7
 16   9
 16   10
 16   11
 16   12
 16   13
 16   19
 16   20
 17   1
 17   2
 17   3
 17   4
 17   5
 17   8
 17   14
 17   15
 17   18
 18   1
 18   2
 18   3
 18   4
 18   5
 18   8
 18   14
 18   15
 18   17
 18   19
 19   6
 19   7
 19   9
 19   10
 19   11
 19   12
 19   13
 19   16
 19   18
 19   20
 20   5
 20   6
 20   7
 20   9
 20   10
 20   11
 20   12
 20   13
 20   16
 20   19
