https://powcoder.com
代写代考加微信 powcoder
Assignment Project Exam Help
Add WeChat powcoder
https://powcoder.com
代写代考加微信 powcoder
Assignment Project Exam Help
Add WeChat powcoder
 1   2
 1   3
 1   7
 1   8
 1   12
 1   13
 1   14
 1   15
 1   16
 1   18
 2   1
 2   3
 2   7
 2   12
 2   13
 2   14
 2   15
 2   16
 2   18
 3   1
 3   2
 3   5
 3   7
 3   12
 3   13
 3   14
 3   15
 3   16
 3   18
 4   5
 4   6
 4   8
 4   9
 4   10
 4   11
 4   13
 4   15
 4   17
 4   19
 4   20
 5   3
 5   4
 5   6
 5   8
 5   9
 5   10
 5   11
 5   17
 5   19
 5   20
 6   4
 6   5
 6   8
 6   9
 6   10
 6   11
 6   17
 6   18
 6   19
 6   20
 7   1
 7   2
 7   3
 7   9
 7   12
 7   13
 7   15
 7   18
 8   1
 8   4
 8   5
 8   6
 8   9
 8   10
 8   11
 8   17
 8   19
 8   20
 9   4
 9   5
 9   6
 9   7
 9   8
 9   10
 9   19
 9   20
 10   4
 10   5
 10   6
 10   8
 10   9
 10   11
 10   14
 10   17
 10   19
 10   20
 11   4
 11   5
 11   6
 11   8
 11   10
 11   17
 11   20
 12   1
 12   2
 12   3
 12   7
 12   13
 12   14
 12   15
 12   16
 13   1
 13   2
 13   3
 13   4
 13   7
 13   12
 13   14
 13   15
 13   16
 13   18
 14   1
 14   2
 14   3
 14   10
 14   12
 14   13
 14   15
 14   16
 14   18
 14   20
 15   1
 15   2
 15   3
 15   4
 15   7
 15   12
 15   13
 15   14
 15   16
 16   1
 16   2
 16   3
 16   12
 16   13
 16   14
 16   15
 16   18
 17   4
 17   5
 17   6
 17   8
 17   10
 17   11
 17   19
 17   20
 18   1
 18   2
 18   3
 18   6
 18   7
 18   13
 18   14
 18   16
 19   4
 19   5
 19   6
 19   8
 19   9
 19   10
 19   17
 19   20
 20   4
 20   5
 20   6
 20   8
 20   9
 20   10
 20   11
 20   14
 20   17
 20   19
