https://powcoder.com
代写代考加微信 powcoder
Assignment Project Exam Help
Add WeChat powcoder
https://powcoder.com
代写代考加微信 powcoder
Assignment Project Exam Help
Add WeChat powcoder
 1   2
 1   4
 1   5
 1   6
 1   8
 1   14
 1   17
 2   1
 2   3
 2   4
 2   5
 2   6
 2   8
 2   9
 2   14
 2   17
 3   2
 3   4
 3   5
 3   6
 3   7
 3   8
 3   9
 3   14
 3   17
 4   1
 4   2
 4   3
 4   6
 4   7
 4   8
 4   9
 4   10
 4   14
 4   15
 4   17
 5   1
 5   2
 5   3
 5   6
 5   8
 5   9
 5   14
 5   17
 6   1
 6   2
 6   3
 6   4
 6   5
 6   8
 6   9
 6   14
 6   17
 7   3
 7   4
 7   10
 7   11
 7   12
 7   13
 7   15
 7   16
 7   19
 8   1
 8   2
 8   3
 8   4
 8   5
 8   6
 8   9
 8   12
 8   20
 9   2
 9   3
 9   4
 9   5
 9   6
 9   8
 9   14
 9   17
 10   4
 10   7
 10   11
 10   12
 10   13
 10   15
 10   16
 10   18
 10   19
 10   20
 11   7
 11   10
 11   13
 11   15
 11   18
 11   20
 12   7
 12   8
 12   10
 12   13
 12   15
 12   16
 12   18
 12   19
 13   7
 13   10
 13   11
 13   12
 13   15
 13   16
 13   18
 13   19
 13   20
 14   1
 14   2
 14   3
 14   4
 14   5
 14   6
 14   9
 14   17
 14   20
 15   4
 15   7
 15   10
 15   11
 15   12
 15   13
 15   16
 15   18
 15   20
 16   7
 16   10
 16   12
 16   13
 16   15
 16   18
 16   19
 16   20
 17   1
 17   2
 17   3
 17   4
 17   5
 17   6
 17   9
 17   14
 17   20
 18   10
 18   11
 18   12
 18   13
 18   15
 18   16
 18   19
 18   20
 19   7
 19   10
 19   12
 19   13
 19   16
 19   18
 19   20
 20   8
 20   10
 20   11
 20   13
 20   14
 20   15
 20   16
 20   17
 20   18
 20   19
