https://powcoder.com
代写代考加微信 powcoder
Assignment Project Exam Help
Add WeChat powcoder
https://powcoder.com
代写代考加微信 powcoder
Assignment Project Exam Help
Add WeChat powcoder
 1   3
 1   4
 1   5
 1   7
 1   8
 1   9
 1   15
 1   18
 1   20
 2   4
 2   5
 2   6
 2   11
 2   12
 2   13
 2   14
 2   16
 2   17
 2   19
 3   1
 3   4
 3   5
 3   8
 3   9
 3   10
 3   15
 3   18
 3   20
 4   1
 4   2
 4   3
 4   6
 4   11
 4   12
 4   13
 4   14
 4   16
 4   17
 4   19
 5   1
 5   2
 5   3
 5   9
 5   10
 5   13
 5   15
 5   20
 6   2
 6   4
 6   11
 6   12
 6   13
 6   14
 6   16
 6   17
 6   19
 7   1
 7   8
 7   9
 7   10
 7   15
 7   20
 8   1
 8   3
 8   7
 8   10
 8   15
 8   18
 8   20
 9   1
 9   3
 9   5
 9   7
 9   12
 9   15
 9   18
 9   20
 10   3
 10   5
 10   7
 10   8
 10   15
 10   18
 11   2
 11   4
 11   6
 11   12
 11   13
 11   14
 11   16
 11   17
 11   19
 12   2
 12   4
 12   6
 12   9
 12   11
 12   13
 12   14
 12   16
 12   17
 12   19
 13   2
 13   4
 13   5
 13   6
 13   11
 13   12
 13   14
 13   16
 13   19
 14   2
 14   4
 14   6
 14   11
 14   12
 14   13
 14   16
 14   17
 14   19
 15   1
 15   3
 15   5
 15   7
 15   8
 15   9
 15   10
 15   18
 15   20
 16   2
 16   4
 16   6
 16   11
 16   12
 16   13
 16   14
 16   17
 16   19
 17   2
 17   4
 17   6
 17   11
 17   12
 17   14
 17   16
 17   19
 18   1
 18   3
 18   8
 18   9
 18   10
 18   15
 18   19
 18   20
 19   2
 19   4
 19   6
 19   11
 19   12
 19   13
 19   14
 19   16
 19   17
 19   18
 20   1
 20   3
 20   5
 20   7
 20   8
 20   9
 20   15
 20   18
