https://powcoder.com
代写代考加微信 powcoder
Assignment Project Exam Help
Add WeChat powcoder
https://powcoder.com
代写代考加微信 powcoder
Assignment Project Exam Help
Add WeChat powcoder
 1   2
 1   4
 1   8
 1   12
 1   16
 1   17
 1   18
 1   19
 1   20
 2   1
 2   4
 2   5
 2   6
 2   8
 2   11
 2   12
 2   16
 2   18
 2   20
 3   5
 3   6
 3   7
 3   9
 3   10
 3   14
 3   15
 3   17
 4   1
 4   2
 4   8
 4   11
 4   12
 4   16
 4   18
 4   20
 5   2
 5   3
 5   6
 5   7
 5   9
 5   10
 5   13
 5   14
 5   15
 5   17
 5   20
 6   2
 6   3
 6   5
 6   7
 6   9
 6   10
 6   13
 6   14
 6   15
 6   17
 7   3
 7   5
 7   6
 7   9
 7   10
 7   11
 7   13
 7   14
 7   17
 8   1
 8   2
 8   4
 8   11
 8   12
 8   14
 8   16
 8   18
 8   19
 8   20
 9   3
 9   5
 9   6
 9   7
 9   10
 9   13
 9   14
 9   15
 9   16
 9   17
 10   3
 10   5
 10   6
 10   7
 10   9
 10   13
 10   14
 10   15
 10   17
 11   2
 11   4
 11   7
 11   8
 11   16
 11   18
 11   19
 12   1
 12   2
 12   4
 12   8
 12   16
 12   18
 12   19
 12   20
 13   5
 13   6
 13   7
 13   9
 13   10
 13   14
 13   15
 13   17
 14   3
 14   5
 14   6
 14   7
 14   8
 14   9
 14   10
 14   13
 14   15
 14   17
 15   3
 15   5
 15   6
 15   9
 15   10
 15   13
 15   14
 15   17
 16   1
 16   2
 16   4
 16   8
 16   9
 16   11
 16   12
 16   17
 16   18
 16   19
 16   20
 17   1
 17   3
 17   5
 17   6
 17   7
 17   9
 17   10
 17   13
 17   14
 17   15
 17   16
 18   1
 18   2
 18   4
 18   8
 18   11
 18   12
 18   16
 18   19
 18   20
 19   1
 19   8
 19   11
 19   12
 19   16
 19   18
 19   20
 20   1
 20   2
 20   4
 20   5
 20   8
 20   12
 20   16
 20   18
 20   19
