https://powcoder.com
代写代考加微信 powcoder
Assignment Project Exam Help
Add WeChat powcoder
https://powcoder.com
代写代考加微信 powcoder
Assignment Project Exam Help
Add WeChat powcoder
 1   5
 1   7
 1   8
 1   12
 1   13
 1   16
 1   17
 1   20
 2   3
 2   4
 2   6
 2   10
 2   14
 2   18
 3   2
 3   4
 3   6
 3   9
 3   10
 3   12
 3   14
 3   15
 3   18
 3   19
 4   2
 4   3
 4   6
 4   9
 4   10
 4   14
 4   15
 4   18
 4   19
 5   1
 5   7
 5   8
 5   11
 5   12
 5   13
 5   16
 5   17
 5   20
 6   2
 6   3
 6   4
 6   9
 6   10
 6   14
 6   15
 6   18
 6   19
 6   20
 7   1
 7   5
 7   8
 7   11
 7   12
 7   13
 7   16
 7   17
 7   19
 7   20
 8   1
 8   5
 8   7
 8   11
 8   12
 8   13
 8   17
 8   20
 9   3
 9   4
 9   6
 9   10
 9   15
 9   16
 9   17
 9   18
 9   19
 10   2
 10   3
 10   4
 10   6
 10   9
 10   14
 10   15
 10   18
 10   19
 11   5
 11   7
 11   8
 11   12
 11   13
 11   16
 11   17
 11   20
 12   1
 12   3
 12   5
 12   7
 12   8
 12   11
 12   13
 12   16
 12   17
 12   20
 13   1
 13   5
 13   7
 13   8
 13   11
 13   12
 13   16
 13   17
 13   20
 14   2
 14   3
 14   4
 14   6
 14   10
 14   15
 14   18
 14   19
 15   3
 15   4
 15   6
 15   9
 15   10
 15   14
 15   18
 15   19
 16   1
 16   5
 16   7
 16   9
 16   11
 16   12
 16   13
 16   17
 16   20
 17   1
 17   5
 17   7
 17   8
 17   9
 17   11
 17   12
 17   13
 17   16
 17   20
 18   2
 18   3
 18   4
 18   6
 18   9
 18   10
 18   14
 18   15
 18   19
 18   20
 19   3
 19   4
 19   6
 19   7
 19   9
 19   10
 19   14
 19   15
 19   18
 20   1
 20   5
 20   6
 20   7
 20   8
 20   11
 20   12
 20   13
 20   16
 20   17
 20   18
