https://powcoder.com
代写代考加微信 powcoder
Assignment Project Exam Help
Add WeChat powcoder
https://powcoder.com
代写代考加微信 powcoder
Assignment Project Exam Help
Add WeChat powcoder
 1   3
 1   5
 1   7
 1   13
 1   15
 1   18
 1   19
 1   20
 2   4
 2   11
 2   12
 2   13
 2   14
 2   16
 2   17
 3   1
 3   5
 3   6
 3   7
 3   9
 3   15
 3   18
 3   19
 3   20
 4   2
 4   8
 4   10
 4   11
 4   12
 4   13
 4   14
 4   16
 4   17
 5   1
 5   3
 5   6
 5   7
 5   9
 5   15
 5   18
 5   19
 5   20
 6   3
 6   5
 6   7
 6   9
 6   13
 6   15
 6   16
 6   18
 6   19
 6   20
 7   1
 7   3
 7   5
 7   6
 7   9
 7   10
 7   12
 7   15
 7   18
 7   19
 7   20
 8   4
 8   10
 8   11
 8   12
 8   13
 8   14
 8   16
 8   17
 9   3
 9   5
 9   6
 9   7
 9   15
 9   18
 9   19
 9   20
 10   4
 10   7
 10   8
 10   11
 10   12
 10   13
 10   14
 10   15
 10   16
 10   17
 11   2
 11   4
 11   8
 11   10
 11   12
 11   13
 11   14
 11   15
 11   16
 11   17
 12   2
 12   4
 12   7
 12   8
 12   10
 12   11
 12   13
 12   14
 12   16
 12   17
 13   1
 13   2
 13   4
 13   6
 13   8
 13   10
 13   11
 13   12
 13   14
 13   16
 14   2
 14   4
 14   8
 14   10
 14   11
 14   12
 14   13
 14   16
 14   17
 15   1
 15   3
 15   5
 15   6
 15   7
 15   9
 15   10
 15   11
 15   18
 15   19
 15   20
 16   2
 16   4
 16   6
 16   8
 16   10
 16   11
 16   12
 16   13
 16   14
 16   17
 16   18
 17   2
 17   4
 17   8
 17   10
 17   11
 17   12
 17   14
 17   16
 18   1
 18   3
 18   5
 18   6
 18   7
 18   9
 18   15
 18   16
 18   19
 18   20
 19   1
 19   3
 19   5
 19   6
 19   7
 19   9
 19   15
 19   18
 19   20
 20   1
 20   3
 20   5
 20   6
 20   7
 20   9
 20   15
 20   18
 20   19
