https://powcoder.com
代写代考加微信 powcoder
Assignment Project Exam Help
Add WeChat powcoder
https://powcoder.com
代写代考加微信 powcoder
Assignment Project Exam Help
Add WeChat powcoder
 1   2
 1   3
 1   4
 1   7
 1   8
 1   10
 1   14
 1   18
 1   20
 2   1
 2   3
 2   4
 2   7
 2   8
 2   10
 2   14
 2   18
 2   19
 2   20
 3   1
 3   2
 3   4
 3   6
 3   7
 3   9
 3   10
 3   17
 3   18
 3   20
 4   1
 4   2
 4   3
 4   7
 4   8
 4   10
 4   14
 4   18
 4   20
 5   6
 5   9
 5   11
 5   12
 5   13
 5   15
 5   16
 5   17
 5   19
 6   3
 6   5
 6   9
 6   11
 6   13
 6   16
 6   17
 6   19
 7   1
 7   2
 7   3
 7   4
 7   8
 7   10
 7   13
 7   14
 7   20
 8   1
 8   2
 8   4
 8   7
 8   10
 8   14
 8   18
 8   20
 9   3
 9   5
 9   6
 9   11
 9   12
 9   13
 9   16
 9   17
 9   19
 10   1
 10   2
 10   3
 10   4
 10   7
 10   8
 10   13
 10   14
 10   18
 10   20
 11   5
 11   6
 11   9
 11   12
 11   13
 11   15
 11   16
 11   17
 11   19
 12   5
 12   9
 12   11
 12   13
 12   15
 12   16
 12   17
 12   19
 13   5
 13   6
 13   7
 13   9
 13   10
 13   11
 13   12
 13   15
 13   16
 13   17
 13   19
 13   20
 14   1
 14   2
 14   4
 14   7
 14   8
 14   10
 14   18
 14   20
 15   5
 15   11
 15   12
 15   13
 15   17
 15   19
 16   5
 16   6
 16   9
 16   11
 16   12
 16   13
 16   17
 16   18
 16   19
 17   3
 17   5
 17   6
 17   9
 17   11
 17   12
 17   13
 17   15
 17   16
 17   19
 18   1
 18   2
 18   3
 18   4
 18   8
 18   10
 18   14
 18   16
 18   20
 19   2
 19   5
 19   6
 19   9
 19   11
 19   12
 19   13
 19   15
 19   16
 19   17
 20   1
 20   2
 20   3
 20   4
 20   7
 20   8
 20   10
 20   13
 20   14
 20   18
