https://powcoder.com
代写代考加微信 powcoder
Assignment Project Exam Help
Add WeChat powcoder
https://powcoder.com
代写代考加微信 powcoder
Assignment Project Exam Help
Add WeChat powcoder
 1   2
 1   3
 1   4
 1   7
 1   10
 1   13
 1   14
 1   15
 1   16
 2   1
 2   3
 2   4
 2   7
 2   10
 2   12
 2   13
 2   14
 2   15
 2   16
 3   1
 3   2
 3   4
 3   7
 3   10
 3   13
 3   17
 4   1
 4   2
 4   3
 4   7
 4   10
 4   13
 4   14
 4   15
 4   16
 5   6
 5   7
 5   9
 5   11
 5   12
 5   17
 5   18
 5   19
 5   20
 6   5
 6   8
 6   9
 6   11
 6   12
 6   16
 6   17
 6   18
 6   19
 6   20
 7   1
 7   2
 7   3
 7   4
 7   5
 7   10
 7   13
 7   14
 7   15
 7   16
 8   6
 8   9
 8   10
 8   11
 8   12
 8   17
 8   18
 8   19
 8   20
 9   5
 9   6
 9   8
 9   10
 9   11
 9   12
 9   17
 9   18
 9   19
 9   20
 10   1
 10   2
 10   3
 10   4
 10   7
 10   8
 10   9
 10   13
 10   14
 10   15
 10   16
 11   5
 11   6
 11   8
 11   9
 11   12
 11   17
 11   18
 11   19
 11   20
 12   2
 12   5
 12   6
 12   8
 12   9
 12   11
 12   17
 12   18
 12   19
 12   20
 13   1
 13   2
 13   3
 13   4
 13   7
 13   10
 13   14
 13   15
 13   16
 13   17
 14   1
 14   2
 14   4
 14   7
 14   10
 14   13
 14   16
 15   1
 15   2
 15   4
 15   7
 15   10
 15   13
 15   16
 15   20
 16   1
 16   2
 16   4
 16   6
 16   7
 16   10
 16   13
 16   14
 16   15
 17   3
 17   5
 17   6
 17   8
 17   9
 17   11
 17   12
 17   13
 17   18
 17   19
 17   20
 18   5
 18   6
 18   8
 18   9
 18   11
 18   12
 18   17
 18   19
 18   20
 19   5
 19   6
 19   8
 19   9
 19   11
 19   12
 19   17
 19   18
 19   20
 20   5
 20   6
 20   8
 20   9
 20   11
 20   12
 20   15
 20   17
 20   18
 20   19
