https://powcoder.com
代写代考加微信 powcoder
Assignment Project Exam Help
Add WeChat powcoder
https://powcoder.com
代写代考加微信 powcoder
Assignment Project Exam Help
Add WeChat powcoder
 1   2
 1   3
 1   4
 1   5
 1   11
 1   14
 1   16
 1   17
 1   18
 2   1
 2   6
 2   7
 2   8
 2   9
 2   10
 2   13
 2   15
 2   18
 2   20
 3   1
 3   4
 3   5
 3   11
 3   14
 3   16
 3   17
 3   18
 3   19
 4   1
 4   3
 4   5
 4   11
 4   14
 4   15
 4   16
 4   17
 4   18
 4   19
 5   1
 5   3
 5   4
 5   11
 5   14
 5   15
 5   17
 5   18
 5   19
 6   2
 6   7
 6   8
 6   9
 6   10
 6   12
 6   13
 7   2
 7   6
 7   8
 7   9
 7   10
 7   13
 7   15
 7   19
 7   20
 8   2
 8   6
 8   7
 8   9
 8   10
 8   12
 8   13
 8   15
 8   20
 9   2
 9   6
 9   7
 9   8
 9   10
 9   12
 9   13
 9   15
 9   19
 9   20
 10   2
 10   6
 10   7
 10   8
 10   9
 10   12
 10   13
 10   15
 10   16
 10   20
 11   1
 11   3
 11   4
 11   5
 11   14
 11   16
 11   17
 11   18
 11   19
 12   6
 12   8
 12   9
 12   10
 12   13
 12   15
 12   16
 12   20
 13   2
 13   6
 13   7
 13   8
 13   9
 13   10
 13   12
 13   15
 13   20
 14   1
 14   3
 14   4
 14   5
 14   11
 14   16
 14   17
 14   18
 14   19
 15   2
 15   4
 15   5
 15   7
 15   8
 15   9
 15   10
 15   12
 15   13
 15   20
 16   1
 16   3
 16   4
 16   10
 16   11
 16   12
 16   14
 16   17
 16   18
 16   19
 17   1
 17   3
 17   4
 17   5
 17   11
 17   14
 17   16
 17   18
 17   19
 18   1
 18   2
 18   3
 18   4
 18   5
 18   11
 18   14
 18   16
 18   17
 18   19
 19   3
 19   4
 19   5
 19   7
 19   9
 19   11
 19   14
 19   16
 19   17
 19   18
 20   2
 20   7
 20   8
 20   9
 20   10
 20   12
 20   13
 20   15
