https://powcoder.com
代写代考加微信 powcoder
Assignment Project Exam Help
Add WeChat powcoder
https://powcoder.com
代写代考加微信 powcoder
Assignment Project Exam Help
Add WeChat powcoder
 1   5
 1   7
 1   9
 1   12
 1   13
 1   14
 1   15
 1   18
 2   3
 2   6
 2   9
 2   10
 2   11
 2   17
 2   19
 2   20
 3   2
 3   6
 3   8
 3   10
 3   11
 3   14
 3   16
 3   17
 3   19
 3   20
 4   5
 4   7
 4   9
 4   12
 4   13
 4   14
 5   1
 5   4
 5   7
 5   9
 5   12
 5   13
 5   14
 5   15
 5   18
 5   19
 6   2
 6   3
 6   8
 6   9
 6   10
 6   11
 6   16
 6   17
 6   19
 6   20
 7   1
 7   4
 7   5
 7   8
 7   9
 7   12
 7   13
 7   14
 7   15
 7   18
 8   3
 8   6
 8   7
 8   10
 8   11
 8   16
 8   17
 8   19
 8   20
 9   1
 9   2
 9   4
 9   5
 9   6
 9   7
 9   12
 9   14
 9   15
 9   18
 10   2
 10   3
 10   6
 10   8
 10   11
 10   16
 10   17
 10   19
 10   20
 11   2
 11   3
 11   6
 11   8
 11   10
 11   12
 11   16
 11   17
 11   19
 11   20
 12   1
 12   4
 12   5
 12   7
 12   9
 12   11
 12   13
 12   14
 12   15
 12   18
 13   1
 13   4
 13   5
 13   7
 13   12
 13   14
 13   15
 13   16
 13   18
 14   1
 14   3
 14   4
 14   5
 14   7
 14   9
 14   12
 14   13
 14   15
 14   18
 15   1
 15   5
 15   7
 15   9
 15   12
 15   13
 15   14
 15   16
 15   18
 16   3
 16   6
 16   8
 16   10
 16   11
 16   13
 16   15
 16   19
 16   20
 17   2
 17   3
 17   6
 17   8
 17   10
 17   11
 17   19
 17   20
 18   1
 18   5
 18   7
 18   9
 18   12
 18   13
 18   14
 18   15
 19   2
 19   3
 19   5
 19   6
 19   8
 19   10
 19   11
 19   16
 19   17
 19   20
 20   2
 20   3
 20   6
 20   8
 20   10
 20   11
 20   16
 20   17
 20   19
