https://powcoder.com
代写代考加微信 powcoder
Assignment Project Exam Help
Add WeChat powcoder
https://powcoder.com
代写代考加微信 powcoder
Assignment Project Exam Help
Add WeChat powcoder
 1   2
 1   4
 1   6
 1   13
 1   14
 1   17
 1   19
 2   1
 2   4
 2   6
 2   9
 2   13
 2   14
 2   15
 2   17
 2   19
 3   5
 3   7
 3   8
 3   10
 3   11
 3   14
 3   16
 3   18
 3   20
 4   1
 4   2
 4   8
 4   9
 4   13
 4   14
 4   15
 5   3
 5   7
 5   8
 5   10
 5   11
 5   12
 5   14
 5   16
 5   18
 5   20
 6   1
 6   2
 6   9
 6   13
 6   14
 6   15
 6   16
 6   17
 6   19
 7   3
 7   5
 7   10
 7   11
 7   12
 7   16
 7   20
 8   3
 8   4
 8   5
 8   9
 8   10
 8   11
 8   12
 8   13
 8   16
 8   18
 9   2
 9   4
 9   6
 9   8
 9   13
 9   14
 9   15
 9   17
 9   18
 9   19
 10   3
 10   5
 10   7
 10   8
 10   11
 10   12
 10   16
 10   18
 10   20
 11   3
 11   5
 11   7
 11   8
 11   10
 11   12
 11   16
 11   18
 11   20
 12   5
 12   7
 12   8
 12   10
 12   11
 12   16
 12   18
 12   20
 13   1
 13   2
 13   4
 13   6
 13   8
 13   9
 13   15
 13   17
 13   19
 14   1
 14   2
 14   3
 14   4
 14   5
 14   6
 14   9
 14   15
 14   16
 14   17
 14   19
 15   2
 15   4
 15   6
 15   9
 15   13
 15   14
 15   17
 15   19
 16   3
 16   5
 16   6
 16   7
 16   8
 16   10
 16   11
 16   12
 16   14
 16   18
 16   20
 17   1
 17   2
 17   6
 17   9
 17   13
 17   14
 17   15
 17   19
 18   3
 18   5
 18   8
 18   9
 18   10
 18   11
 18   12
 18   16
 18   20
 19   1
 19   2
 19   6
 19   9
 19   13
 19   14
 19   15
 19   17
 20   3
 20   5
 20   7
 20   10
 20   11
 20   12
 20   16
 20   18
