https://powcoder.com
代写代考加微信 powcoder
Assignment Project Exam Help
Add WeChat powcoder
https://powcoder.com
代写代考加微信 powcoder
Assignment Project Exam Help
Add WeChat powcoder
 1   3
 1   5
 1   7
 1   10
 1   11
 1   14
 1   16
 1   17
 1   19
 2   4
 2   6
 2   8
 2   9
 2   12
 2   13
 2   15
 2   18
 2   20
 3   1
 3   5
 3   7
 3   10
 3   11
 3   14
 3   16
 3   17
 3   19
 4   2
 4   6
 4   8
 4   9
 4   12
 4   13
 4   14
 4   15
 4   18
 4   20
 5   1
 5   3
 5   7
 5   10
 5   11
 5   14
 5   15
 5   16
 5   17
 5   18
 5   19
 5   20
 6   2
 6   4
 6   8
 6   9
 6   12
 6   13
 6   15
 6   18
 6   20
 7   1
 7   3
 7   5
 7   10
 7   11
 7   14
 7   16
 7   17
 7   19
 8   2
 8   4
 8   6
 8   9
 8   10
 8   12
 8   13
 8   14
 8   15
 8   16
 8   18
 8   20
 9   2
 9   4
 9   6
 9   8
 9   12
 9   13
 9   15
 9   18
 9   20
 10   1
 10   3
 10   5
 10   7
 10   8
 10   11
 10   14
 10   16
 10   17
 11   1
 11   3
 11   5
 11   7
 11   10
 11   14
 11   16
 11   17
 11   19
 11   20
 12   2
 12   4
 12   6
 12   8
 12   9
 12   13
 12   15
 12   18
 12   20
 13   2
 13   4
 13   6
 13   8
 13   9
 13   12
 13   15
 13   18
 13   20
 14   1
 14   3
 14   4
 14   5
 14   7
 14   8
 14   10
 14   11
 14   16
 14   17
 14   19
 15   2
 15   4
 15   5
 15   6
 15   8
 15   9
 15   12
 15   13
 15   18
 15   20
 16   1
 16   3
 16   5
 16   7
 16   8
 16   10
 16   11
 16   14
 16   17
 16   19
 17   1
 17   3
 17   5
 17   7
 17   10
 17   11
 17   14
 17   16
 17   19
 18   2
 18   4
 18   5
 18   6
 18   8
 18   9
 18   12
 18   13
 18   15
 19   1
 19   3
 19   5
 19   7
 19   11
 19   14
 19   16
 19   17
 20   2
 20   4
 20   5
 20   6
 20   8
 20   9
 20   11
 20   12
 20   13
 20   15
