https://powcoder.com
代写代考加微信 powcoder
Assignment Project Exam Help
Add WeChat powcoder
https://powcoder.com
代写代考加微信 powcoder
Assignment Project Exam Help
Add WeChat powcoder
 1   2
 1   3
 1   4
 1   5
 1   6
 1   10
 1   13
 1   15
 1   16
 1   17
 2   1
 2   3
 2   4
 2   6
 2   10
 2   13
 2   14
 2   15
 2   17
 3   1
 3   2
 3   4
 3   5
 3   6
 3   9
 3   10
 3   13
 3   15
 4   1
 4   2
 4   3
 4   5
 4   6
 4   10
 4   13
 4   15
 4   17
 5   1
 5   3
 5   4
 5   6
 5   10
 5   13
 5   15
 5   17
 6   1
 6   2
 6   3
 6   4
 6   5
 6   10
 6   13
 6   15
 6   17
 7   8
 7   9
 7   10
 7   11
 7   12
 7   14
 7   16
 7   18
 7   19
 7   20
 8   7
 8   9
 8   11
 8   12
 8   14
 8   16
 8   17
 8   18
 8   19
 8   20
 9   3
 9   7
 9   8
 9   11
 9   12
 9   16
 9   18
 9   20
 10   1
 10   2
 10   3
 10   4
 10   5
 10   6
 10   7
 10   13
 10   15
 10   17
 11   7
 11   8
 11   9
 11   12
 11   14
 11   16
 11   18
 11   19
 11   20
 12   7
 12   8
 12   9
 12   11
 12   14
 12   16
 12   18
 12   19
 12   20
 13   1
 13   2
 13   3
 13   4
 13   5
 13   6
 13   10
 13   15
 13   17
 13   20
 14   2
 14   7
 14   8
 14   11
 14   12
 14   16
 14   18
 14   19
 14   20
 15   1
 15   2
 15   3
 15   4
 15   5
 15   6
 15   10
 15   13
 15   17
 16   1
 16   7
 16   8
 16   9
 16   11
 16   12
 16   14
 16   18
 16   20
 17   1
 17   2
 17   4
 17   5
 17   6
 17   8
 17   10
 17   13
 17   15
 18   7
 18   8
 18   9
 18   11
 18   12
 18   14
 18   16
 18   19
 18   20
 19   7
 19   8
 19   11
 19   12
 19   14
 19   18
 19   20
 20   7
 20   8
 20   9
 20   11
 20   12
 20   13
 20   14
 20   16
 20   18
 20   19
