https://powcoder.com
代写代考加微信 powcoder
Assignment Project Exam Help
Add WeChat powcoder
https://powcoder.com
代写代考加微信 powcoder
Assignment Project Exam Help
Add WeChat powcoder
 1   2
 1   3
 1   4
 1   6
 1   7
 1   9
 1   14
 1   17
 1   19
 2   1
 2   3
 2   4
 2   5
 2   6
 2   7
 2   9
 2   14
 2   17
 3   1
 3   2
 3   6
 3   7
 3   9
 3   14
 3   17
 3   19
 4   1
 4   2
 4   6
 4   7
 4   9
 4   14
 4   17
 5   2
 5   8
 5   9
 5   10
 5   11
 5   12
 5   15
 5   16
 5   18
 5   20
 6   1
 6   2
 6   3
 6   4
 6   7
 6   9
 6   14
 6   15
 6   17
 6   19
 7   1
 7   2
 7   3
 7   4
 7   6
 7   9
 7   14
 7   17
 7   19
 8   5
 8   10
 8   11
 8   15
 8   16
 8   18
 8   20
 9   1
 9   2
 9   3
 9   4
 9   5
 9   6
 9   7
 9   15
 9   17
 9   19
 10   5
 10   8
 10   11
 10   12
 10   13
 10   15
 10   16
 10   18
 10   20
 11   5
 11   8
 11   10
 11   13
 11   15
 11   16
 11   18
 11   20
 12   5
 12   10
 12   13
 12   15
 12   16
 12   18
 12   20
 13   10
 13   11
 13   12
 13   14
 13   15
 13   16
 13   18
 13   20
 14   1
 14   2
 14   3
 14   4
 14   6
 14   7
 14   13
 14   17
 14   18
 14   19
 15   5
 15   6
 15   8
 15   9
 15   10
 15   11
 15   12
 15   13
 15   16
 15   18
 15   20
 16   5
 16   8
 16   10
 16   11
 16   12
 16   13
 16   15
 16   18
 16   20
 17   1
 17   2
 17   3
 17   4
 17   6
 17   7
 17   9
 17   14
 17   19
 18   5
 18   8
 18   10
 18   11
 18   12
 18   13
 18   14
 18   15
 18   16
 18   19
 18   20
 19   1
 19   3
 19   6
 19   7
 19   9
 19   14
 19   17
 19   18
 19   20
 20   5
 20   8
 20   10
 20   11
 20   12
 20   13
 20   15
 20   16
 20   18
 20   19
