https://powcoder.com
代写代考加微信 powcoder
Assignment Project Exam Help
Add WeChat powcoder
https://powcoder.com
代写代考加微信 powcoder
Assignment Project Exam Help
Add WeChat powcoder
 1   2
 1   3
 1   4
 1   12
 1   13
 1   15
 1   16
 1   18
 1   19
 1   20
 2   1
 2   6
 2   9
 2   10
 2   11
 2   14
 2   17
 2   18
 3   1
 3   4
 3   5
 3   9
 3   13
 3   14
 3   15
 3   16
 3   20
 4   1
 4   3
 4   5
 4   9
 4   12
 4   13
 4   15
 4   16
 4   19
 4   20
 5   3
 5   4
 5   12
 5   13
 5   14
 5   15
 5   16
 5   19
 5   20
 6   2
 6   7
 6   8
 6   9
 6   10
 6   11
 6   14
 6   17
 6   18
 7   6
 7   8
 7   9
 7   10
 7   11
 7   14
 7   17
 7   18
 8   6
 8   7
 8   9
 8   10
 8   11
 8   14
 8   17
 8   18
 9   2
 9   3
 9   4
 9   6
 9   7
 9   8
 9   10
 9   11
 9   14
 9   17
 9   18
 10   2
 10   6
 10   7
 10   8
 10   9
 10   11
 10   14
 10   17
 10   18
 11   2
 11   6
 11   7
 11   8
 11   9
 11   10
 11   14
 11   17
 11   18
 11   20
 12   1
 12   4
 12   5
 12   13
 12   15
 12   16
 12   19
 12   20
 13   1
 13   3
 13   4
 13   5
 13   12
 13   15
 13   16
 13   19
 13   20
 14   2
 14   3
 14   5
 14   6
 14   7
 14   8
 14   9
 14   10
 14   11
 14   17
 14   18
 15   1
 15   3
 15   4
 15   5
 15   12
 15   13
 15   16
 15   19
 15   20
 16   1
 16   3
 16   4
 16   5
 16   12
 16   13
 16   15
 16   19
 16   20
 17   2
 17   6
 17   7
 17   8
 17   9
 17   10
 17   11
 17   14
 17   18
 18   1
 18   2
 18   6
 18   7
 18   8
 18   9
 18   10
 18   11
 18   14
 18   17
 18   20
 19   1
 19   4
 19   5
 19   12
 19   13
 19   15
 19   16
 19   20
 20   1
 20   3
 20   4
 20   5
 20   11
 20   12
 20   13
 20   15
 20   16
 20   18
 20   19
