https://powcoder.com
代写代考加微信 powcoder
Assignment Project Exam Help
Add WeChat powcoder
https://powcoder.com
代写代考加微信 powcoder
Assignment Project Exam Help
Add WeChat powcoder
 1   2
 1   6
 1   7
 1   8
 1   10
 1   11
 1   13
 1   14
 1   16
 1   18
 1   19
 2   1
 2   6
 2   7
 2   8
 2   11
 2   13
 2   14
 2   16
 2   18
 3   4
 3   5
 3   8
 3   9
 3   10
 3   12
 3   15
 3   17
 3   19
 3   20
 4   3
 4   5
 4   9
 4   10
 4   11
 4   12
 4   15
 4   17
 4   19
 4   20
 5   3
 5   4
 5   6
 5   9
 5   10
 5   15
 5   17
 5   19
 5   20
 6   1
 6   2
 6   5
 6   7
 6   8
 6   11
 6   14
 6   18
 7   1
 7   2
 7   6
 7   8
 7   11
 7   13
 7   14
 7   16
 7   18
 8   1
 8   2
 8   3
 8   6
 8   7
 8   11
 8   13
 8   14
 8   16
 8   18
 9   3
 9   4
 9   5
 9   10
 9   12
 9   15
 9   17
 9   19
 9   20
 10   1
 10   3
 10   4
 10   5
 10   9
 10   12
 10   15
 10   17
 10   20
 11   1
 11   2
 11   4
 11   6
 11   7
 11   8
 11   13
 11   16
 12   3
 12   4
 12   9
 12   10
 12   15
 12   17
 12   19
 12   20
 13   1
 13   2
 13   7
 13   8
 13   11
 13   14
 13   15
 13   16
 13   18
 14   1
 14   2
 14   6
 14   7
 14   8
 14   13
 14   16
 14   18
 15   3
 15   4
 15   5
 15   9
 15   10
 15   12
 15   13
 15   16
 15   17
 15   19
 15   20
 16   1
 16   2
 16   7
 16   8
 16   11
 16   13
 16   14
 16   15
 16   18
 17   3
 17   4
 17   5
 17   9
 17   10
 17   12
 17   15
 17   19
 17   20
 18   1
 18   2
 18   6
 18   7
 18   8
 18   13
 18   14
 18   16
 18   20
 19   1
 19   3
 19   4
 19   5
 19   9
 19   12
 19   15
 19   17
 19   20
 20   3
 20   4
 20   5
 20   9
 20   10
 20   12
 20   15
 20   17
 20   18
 20   19
