https://powcoder.com
代写代考加微信 powcoder
Assignment Project Exam Help
Add WeChat powcoder
https://powcoder.com
代写代考加微信 powcoder
Assignment Project Exam Help
Add WeChat powcoder
 1   2
 1   3
 1   4
 1   11
 1   14
 1   15
 1   17
 1   19
 1   20
 2   1
 2   3
 2   7
 2   8
 2   11
 2   14
 2   15
 2   17
 2   19
 2   20
 3   1
 3   2
 3   4
 3   7
 3   11
 3   12
 3   14
 3   15
 3   19
 3   20
 4   1
 4   3
 4   5
 4   6
 4   8
 4   9
 4   12
 4   13
 4   16
 4   18
 5   4
 5   6
 5   8
 5   9
 5   10
 5   12
 5   13
 5   16
 5   18
 6   4
 6   5
 6   8
 6   9
 6   10
 6   12
 6   13
 6   16
 7   2
 7   3
 7   11
 7   13
 7   14
 7   15
 7   17
 7   19
 7   20
 8   2
 8   4
 8   5
 8   6
 8   9
 8   10
 8   12
 8   13
 8   16
 8   18
 9   4
 9   5
 9   6
 9   8
 9   12
 9   13
 9   16
 9   17
 9   18
 9   20
 10   5
 10   6
 10   8
 10   12
 10   13
 10   16
 10   18
 11   1
 11   2
 11   3
 11   7
 11   15
 11   17
 11   19
 11   20
 12   3
 12   4
 12   5
 12   6
 12   8
 12   9
 12   10
 12   16
 12   18
 13   4
 13   5
 13   6
 13   7
 13   8
 13   9
 13   10
 13   16
 13   18
 14   1
 14   2
 14   3
 14   7
 14   15
 14   17
 14   19
 14   20
 15   1
 15   2
 15   3
 15   7
 15   11
 15   14
 15   17
 15   19
 15   20
 16   4
 16   5
 16   6
 16   8
 16   9
 16   10
 16   12
 16   13
 16   18
 17   1
 17   2
 17   7
 17   9
 17   11
 17   14
 17   15
 17   18
 17   19
 17   20
 18   4
 18   5
 18   8
 18   9
 18   10
 18   12
 18   13
 18   16
 18   17
 19   1
 19   2
 19   3
 19   7
 19   11
 19   14
 19   15
 19   17
 19   20
 20   1
 20   2
 20   3
 20   7
 20   9
 20   11
 20   14
 20   15
 20   17
 20   19
