https://powcoder.com
代写代考加微信 powcoder
Assignment Project Exam Help
Add WeChat powcoder
https://powcoder.com
代写代考加微信 powcoder
Assignment Project Exam Help
Add WeChat powcoder
 1   3
 1   4
 1   5
 1   7
 1   13
 1   15
 1   16
 1   18
 1   19
 2   6
 2   7
 2   8
 2   9
 2   10
 2   12
 2   14
 2   20
 3   1
 3   4
 3   5
 3   13
 3   15
 3   16
 3   17
 3   18
 3   19
 4   1
 4   3
 4   5
 4   8
 4   10
 4   13
 4   15
 4   16
 4   17
 4   18
 4   19
 5   1
 5   3
 5   4
 5   13
 5   15
 5   16
 5   17
 5   19
 6   2
 6   7
 6   8
 6   9
 6   10
 6   11
 6   12
 6   14
 6   17
 6   20
 7   1
 7   2
 7   6
 7   8
 7   9
 7   10
 7   11
 7   12
 7   14
 7   18
 7   20
 8   2
 8   4
 8   6
 8   7
 8   9
 8   10
 8   11
 8   12
 8   14
 8   17
 8   20
 9   2
 9   6
 9   7
 9   8
 9   10
 9   12
 9   14
 9   20
 10   2
 10   4
 10   6
 10   7
 10   8
 10   9
 10   11
 10   12
 10   14
 10   20
 11   6
 11   7
 11   8
 11   10
 11   12
 11   20
 12   2
 12   6
 12   7
 12   8
 12   9
 12   10
 12   11
 12   14
 12   16
 12   18
 12   20
 13   1
 13   3
 13   4
 13   5
 13   15
 13   16
 13   17
 13   18
 13   19
 14   2
 14   6
 14   7
 14   8
 14   9
 14   10
 14   12
 14   20
 15   1
 15   3
 15   4
 15   5
 15   13
 15   16
 15   18
 15   19
 16   1
 16   3
 16   4
 16   5
 16   12
 16   13
 16   15
 16   18
 16   19
 17   3
 17   4
 17   5
 17   6
 17   8
 17   13
 17   18
 17   19
 18   1
 18   3
 18   4
 18   7
 18   12
 18   13
 18   15
 18   16
 18   17
 18   19
 19   1
 19   3
 19   4
 19   5
 19   13
 19   15
 19   16
 19   17
 19   18
 20   2
 20   6
 20   7
 20   8
 20   9
 20   10
 20   11
 20   12
 20   14
