https://powcoder.com
代写代考加微信 powcoder
Assignment Project Exam Help
Add WeChat powcoder
https://powcoder.com
代写代考加微信 powcoder
Assignment Project Exam Help
Add WeChat powcoder
 1   4
 1   7
 1   12
 1   13
 1   14
 1   17
 1   18
 2   3
 2   5
 2   6
 2   8
 2   9
 2   10
 2   15
 2   16
 2   17
 2   20
 3   2
 3   4
 3   5
 3   6
 3   8
 3   9
 3   10
 3   15
 3   16
 3   20
 4   1
 4   3
 4   5
 4   11
 4   12
 4   13
 4   18
 4   19
 5   2
 5   3
 5   4
 5   6
 5   8
 5   9
 5   10
 5   15
 5   16
 5   20
 6   2
 6   3
 6   5
 6   7
 6   8
 6   9
 6   10
 6   12
 6   15
 6   16
 6   20
 7   1
 7   6
 7   11
 7   12
 7   13
 7   14
 7   17
 7   18
 7   19
 8   2
 8   3
 8   5
 8   6
 8   9
 8   10
 8   15
 8   16
 8   17
 8   20
 9   2
 9   3
 9   5
 9   6
 9   8
 9   10
 9   15
 9   16
 9   20
 10   2
 10   3
 10   5
 10   6
 10   8
 10   9
 10   15
 10   16
 11   4
 11   7
 11   12
 11   13
 11   14
 11   17
 11   18
 11   19
 12   1
 12   4
 12   6
 12   7
 12   11
 12   13
 12   14
 12   17
 12   19
 13   1
 13   4
 13   7
 13   11
 13   12
 13   14
 13   15
 13   17
 13   18
 13   19
 14   1
 14   7
 14   11
 14   12
 14   13
 14   17
 14   18
 14   19
 15   2
 15   3
 15   5
 15   6
 15   8
 15   9
 15   10
 15   13
 15   16
 15   18
 15   20
 16   2
 16   3
 16   5
 16   6
 16   8
 16   9
 16   10
 16   15
 16   20
 17   1
 17   2
 17   7
 17   8
 17   11
 17   12
 17   13
 17   14
 17   18
 17   19
 18   1
 18   4
 18   7
 18   11
 18   13
 18   14
 18   15
 18   17
 18   19
 19   4
 19   7
 19   11
 19   12
 19   13
 19   14
 19   17
 19   18
 20   2
 20   3
 20   5
 20   6
 20   8
 20   9
 20   15
 20   16
