https://powcoder.com
代写代考加微信 powcoder
Assignment Project Exam Help
Add WeChat powcoder
https://powcoder.com
代写代考加微信 powcoder
Assignment Project Exam Help
Add WeChat powcoder
 1   4
 1   8
 1   9
 1   11
 1   13
 1   15
 1   16
 1   18
 2   5
 2   6
 2   7
 2   10
 2   12
 2   13
 2   14
 2   17
 2   19
 2   20
 3   4
 3   6
 3   8
 3   9
 3   11
 3   13
 3   15
 3   16
 3   17
 3   18
 4   1
 4   3
 4   8
 4   9
 4   10
 4   11
 4   13
 4   15
 5   2
 5   6
 5   7
 5   10
 5   12
 5   14
 5   17
 5   19
 5   20
 6   2
 6   3
 6   5
 6   7
 6   10
 6   12
 6   14
 6   17
 6   19
 6   20
 7   2
 7   5
 7   6
 7   10
 7   12
 7   14
 7   17
 7   19
 7   20
 8   1
 8   3
 8   4
 8   9
 8   13
 8   15
 8   16
 8   18
 9   1
 9   3
 9   4
 9   8
 9   11
 9   13
 9   15
 9   16
 9   18
 10   2
 10   4
 10   5
 10   6
 10   7
 10   12
 10   14
 10   16
 10   17
 10   19
 10   20
 11   1
 11   3
 11   4
 11   9
 11   13
 11   14
 11   15
 11   16
 11   18
 12   2
 12   5
 12   6
 12   7
 12   10
 12   14
 12   17
 12   20
 13   1
 13   2
 13   3
 13   4
 13   8
 13   9
 13   11
 13   15
 13   16
 13   18
 13   19
 14   2
 14   5
 14   6
 14   7
 14   10
 14   11
 14   12
 14   15
 14   17
 14   19
 14   20
 15   1
 15   3
 15   4
 15   8
 15   9
 15   11
 15   13
 15   14
 15   16
 16   1
 16   3
 16   8
 16   9
 16   10
 16   11
 16   13
 16   15
 17   2
 17   3
 17   5
 17   6
 17   7
 17   10
 17   12
 17   14
 17   20
 18   1
 18   3
 18   8
 18   9
 18   11
 18   13
 19   2
 19   5
 19   6
 19   7
 19   10
 19   13
 19   14
 19   20
 20   2
 20   5
 20   6
 20   7
 20   10
 20   12
 20   14
 20   17
 20   19
