https://powcoder.com
代写代考加微信 powcoder
Assignment Project Exam Help
Add WeChat powcoder
https://powcoder.com
代写代考加微信 powcoder
Assignment Project Exam Help
Add WeChat powcoder
 1   5
 1   6
 1   8
 1   9
 1   10
 1   13
 1   16
 1   17
 1   19
 2   3
 2   4
 2   7
 2   8
 2   11
 2   12
 2   14
 2   15
 2   18
 2   20
 3   2
 3   4
 3   7
 3   11
 3   12
 3   14
 3   15
 3   18
 3   19
 3   20
 4   2
 4   3
 4   7
 4   11
 4   12
 4   14
 4   15
 4   18
 4   20
 5   1
 5   6
 5   8
 5   9
 5   10
 5   16
 5   17
 5   19
 6   1
 6   5
 6   8
 6   9
 6   10
 6   11
 6   13
 6   16
 6   17
 7   2
 7   3
 7   4
 7   11
 7   12
 7   14
 7   15
 7   18
 7   20
 8   1
 8   2
 8   5
 8   6
 8   9
 8   10
 8   13
 8   16
 8   17
 9   1
 9   5
 9   6
 9   8
 9   10
 9   13
 9   16
 9   17
 9   19
 10   1
 10   5
 10   6
 10   8
 10   9
 10   13
 10   16
 10   17
 10   19
 11   2
 11   3
 11   4
 11   6
 11   7
 11   14
 11   15
 11   18
 11   20
 12   2
 12   3
 12   4
 12   7
 12   13
 12   14
 12   15
 12   16
 12   18
 12   20
 13   1
 13   6
 13   8
 13   9
 13   10
 13   12
 13   16
 13   17
 14   2
 14   3
 14   4
 14   7
 14   11
 14   12
 14   15
 14   18
 14   20
 15   2
 15   3
 15   4
 15   7
 15   11
 15   12
 15   14
 15   20
 16   1
 16   5
 16   6
 16   8
 16   9
 16   10
 16   12
 16   13
 16   19
 17   1
 17   5
 17   6
 17   8
 17   9
 17   10
 17   13
 17   19
 18   2
 18   3
 18   4
 18   7
 18   11
 18   12
 18   14
 18   20
 19   1
 19   3
 19   5
 19   9
 19   10
 19   16
 19   17
 19   20
 20   2
 20   3
 20   4
 20   7
 20   11
 20   12
 20   14
 20   15
 20   18
 20   19
