https://powcoder.com
代写代考加微信 powcoder
Assignment Project Exam Help
Add WeChat powcoder
https://powcoder.com
代写代考加微信 powcoder
Assignment Project Exam Help
Add WeChat powcoder
 1   6
 1   7
 1   8
 1   9
 1   10
 1   13
 1   14
 1   16
 1   17
 2   3
 2   4
 2   5
 2   11
 2   12
 2   15
 2   18
 2   19
 2   20
 3   2
 3   4
 3   5
 3   6
 3   11
 3   12
 3   13
 3   15
 3   18
 3   19
 3   20
 4   2
 4   3
 4   5
 4   11
 4   12
 4   15
 4   19
 4   20
 5   2
 5   3
 5   4
 5   11
 5   12
 5   15
 5   18
 5   19
 5   20
 6   1
 6   3
 6   7
 6   9
 6   10
 6   12
 6   13
 6   14
 6   16
 6   17
 7   1
 7   6
 7   8
 7   9
 7   10
 7   13
 7   14
 7   16
 7   17
 8   1
 8   7
 8   9
 8   10
 8   12
 8   13
 8   14
 8   16
 8   17
 8   19
 9   1
 9   6
 9   7
 9   8
 9   10
 9   13
 9   14
 9   16
 9   17
 10   1
 10   6
 10   7
 10   8
 10   9
 10   13
 10   14
 10   17
 11   2
 11   3
 11   4
 11   5
 11   12
 11   15
 11   18
 11   19
 11   20
 12   2
 12   3
 12   4
 12   5
 12   6
 12   8
 12   11
 12   15
 12   18
 12   19
 12   20
 13   1
 13   3
 13   6
 13   7
 13   8
 13   9
 13   10
 13   14
 13   16
 13   17
 13   19
 14   1
 14   6
 14   7
 14   8
 14   9
 14   10
 14   13
 15   2
 15   3
 15   4
 15   5
 15   11
 15   12
 15   18
 15   19
 15   20
 16   1
 16   6
 16   7
 16   8
 16   9
 16   13
 16   17
 17   1
 17   6
 17   7
 17   8
 17   9
 17   10
 17   13
 17   16
 18   2
 18   3
 18   5
 18   11
 18   12
 18   15
 18   19
 18   20
 19   2
 19   3
 19   4
 19   5
 19   8
 19   11
 19   12
 19   13
 19   15
 19   18
 19   20
 20   2
 20   3
 20   4
 20   5
 20   11
 20   12
 20   15
 20   18
 20   19
