https://powcoder.com
代写代考加微信 powcoder
Assignment Project Exam Help
Add WeChat powcoder
https://powcoder.com
代写代考加微信 powcoder
Assignment Project Exam Help
Add WeChat powcoder
 1   2
 1   7
 1   8
 1   9
 1   13
 1   14
 1   15
 1   18
 1   20
 2   1
 2   3
 2   5
 2   7
 2   8
 2   9
 2   13
 2   14
 2   15
 2   18
 3   2
 3   7
 3   9
 3   12
 3   14
 3   15
 3   18
 4   6
 4   8
 4   11
 4   12
 4   16
 4   17
 4   19
 4   20
 5   2
 5   6
 5   12
 5   16
 5   17
 5   19
 6   4
 6   5
 6   10
 6   11
 6   12
 6   16
 6   17
 6   19
 6   20
 7   1
 7   2
 7   3
 7   8
 7   9
 7   13
 7   14
 7   15
 7   19
 8   1
 8   2
 8   4
 8   7
 8   9
 8   13
 8   14
 8   15
 8   18
 9   1
 9   2
 9   3
 9   7
 9   8
 9   13
 9   14
 9   18
 10   6
 10   11
 10   12
 10   14
 10   16
 10   17
 10   19
 10   20
 11   4
 11   6
 11   10
 11   12
 11   16
 11   17
 11   19
 11   20
 12   3
 12   4
 12   5
 12   6
 12   10
 12   11
 12   16
 12   17
 12   19
 12   20
 13   1
 13   2
 13   7
 13   8
 13   9
 13   14
 13   15
 13   17
 13   18
 14   1
 14   2
 14   3
 14   7
 14   8
 14   9
 14   10
 14   13
 14   15
 14   18
 15   1
 15   2
 15   3
 15   7
 15   8
 15   13
 15   14
 15   18
 16   4
 16   5
 16   6
 16   10
 16   11
 16   12
 16   17
 16   18
 16   19
 16   20
 17   4
 17   5
 17   6
 17   10
 17   11
 17   12
 17   13
 17   16
 17   19
 17   20
 18   1
 18   2
 18   3
 18   8
 18   9
 18   13
 18   14
 18   15
 18   16
 19   4
 19   5
 19   6
 19   7
 19   10
 19   11
 19   12
 19   16
 19   17
 19   20
 20   1
 20   4
 20   6
 20   10
 20   11
 20   12
 20   16
 20   17
 20   19
