https://powcoder.com
代写代考加微信 powcoder
Assignment Project Exam Help
Add WeChat powcoder
https://powcoder.com
代写代考加微信 powcoder
Assignment Project Exam Help
Add WeChat powcoder
 1   4
 1   6
 1   8
 1   9
 1   10
 1   11
 1   12
 1   15
 1   18
 2   3
 2   4
 2   7
 2   13
 2   14
 2   16
 2   17
 2   19
 2   20
 3   2
 3   4
 3   5
 3   7
 3   13
 3   14
 3   16
 3   17
 3   19
 3   20
 4   1
 4   2
 4   3
 4   6
 4   8
 4   9
 4   10
 4   11
 4   12
 4   13
 4   15
 5   3
 5   7
 5   10
 5   13
 5   14
 5   16
 5   19
 6   1
 6   4
 6   9
 6   10
 6   12
 6   15
 6   18
 6   20
 7   2
 7   3
 7   5
 7   13
 7   14
 7   16
 7   17
 7   18
 7   19
 7   20
 8   1
 8   4
 8   9
 8   10
 8   11
 8   12
 8   15
 8   18
 8   20
 9   1
 9   4
 9   6
 9   8
 9   11
 9   12
 9   15
 9   18
 10   1
 10   4
 10   5
 10   6
 10   8
 10   11
 10   12
 10   15
 10   18
 11   1
 11   4
 11   8
 11   9
 11   10
 11   12
 11   15
 11   18
 12   1
 12   4
 12   6
 12   8
 12   9
 12   10
 12   11
 12   15
 12   18
 13   2
 13   3
 13   4
 13   5
 13   7
 13   14
 13   16
 13   17
 13   19
 13   20
 14   2
 14   3
 14   5
 14   7
 14   13
 14   16
 14   20
 15   1
 15   4
 15   6
 15   8
 15   9
 15   10
 15   11
 15   12
 15   18
 15   20
 16   2
 16   3
 16   5
 16   7
 16   13
 16   14
 16   17
 16   19
 16   20
 17   2
 17   3
 17   7
 17   13
 17   16
 17   19
 17   20
 18   1
 18   6
 18   7
 18   8
 18   9
 18   10
 18   11
 18   12
 18   15
 19   2
 19   3
 19   5
 19   7
 19   13
 19   16
 19   17
 19   20
 20   2
 20   3
 20   6
 20   7
 20   8
 20   13
 20   14
 20   15
 20   16
 20   17
 20   19
