https://powcoder.com
代写代考加微信 powcoder
Assignment Project Exam Help
Add WeChat powcoder
https://powcoder.com
代写代考加微信 powcoder
Assignment Project Exam Help
Add WeChat powcoder
 1   5
 1   6
 1   9
 1   11
 1   12
 1   13
 1   18
 1   19
 1   20
 2   3
 2   4
 2   7
 2   8
 2   9
 2   10
 2   14
 2   15
 2   16
 2   17
 2   19
 3   2
 3   4
 3   5
 3   8
 3   10
 3   14
 3   15
 3   16
 3   17
 4   2
 4   3
 4   5
 4   7
 4   8
 4   10
 4   12
 4   14
 4   15
 4   16
 4   17
 5   1
 5   3
 5   4
 5   6
 5   9
 5   11
 5   12
 5   13
 5   19
 5   20
 6   1
 6   5
 6   7
 6   9
 6   11
 6   12
 6   13
 6   18
 6   19
 6   20
 7   2
 7   4
 7   6
 7   8
 7   10
 7   14
 7   15
 7   17
 8   2
 8   3
 8   4
 8   7
 8   10
 8   13
 8   14
 8   15
 8   16
 8   17
 9   1
 9   2
 9   5
 9   6
 9   11
 9   12
 9   13
 9   18
 9   20
 10   2
 10   3
 10   4
 10   7
 10   8
 10   15
 10   16
 10   17
 11   1
 11   5
 11   6
 11   9
 11   12
 11   13
 11   19
 11   20
 12   1
 12   4
 12   5
 12   6
 12   9
 12   11
 12   13
 12   18
 12   19
 13   1
 13   5
 13   6
 13   8
 13   9
 13   11
 13   12
 13   18
 13   19
 13   20
 14   2
 14   3
 14   4
 14   7
 14   8
 14   15
 14   16
 15   2
 15   3
 15   4
 15   7
 15   8
 15   10
 15   14
 15   16
 15   17
 15   19
 16   2
 16   3
 16   4
 16   8
 16   10
 16   14
 16   15
 16   17
 17   2
 17   3
 17   4
 17   7
 17   8
 17   10
 17   15
 17   16
 18   1
 18   6
 18   9
 18   12
 18   13
 18   19
 18   20
 19   1
 19   2
 19   5
 19   6
 19   11
 19   12
 19   13
 19   15
 19   18
 19   20
 20   1
 20   5
 20   6
 20   9
 20   11
 20   13
 20   18
 20   19
