https://powcoder.com
代写代考加微信 powcoder
Assignment Project Exam Help
Add WeChat powcoder
https://powcoder.com
代写代考加微信 powcoder
Assignment Project Exam Help
Add WeChat powcoder
 1   2
 1   3
 1   4
 1   6
 1   12
 1   13
 1   14
 1   17
 1   20
 2   1
 2   4
 2   5
 2   6
 2   12
 2   13
 2   14
 2   17
 2   19
 2   20
 3   1
 3   7
 3   8
 3   9
 3   10
 3   11
 3   15
 3   16
 3   18
 3   19
 4   1
 4   2
 4   5
 4   6
 4   7
 4   13
 4   17
 4   20
 5   2
 5   4
 5   6
 5   12
 5   14
 5   16
 5   20
 6   1
 6   2
 6   4
 6   5
 6   11
 6   13
 6   17
 6   20
 7   3
 7   4
 7   8
 7   9
 7   10
 7   11
 7   15
 7   18
 7   19
 8   3
 8   7
 8   9
 8   10
 8   11
 8   15
 8   16
 8   18
 9   3
 9   7
 9   8
 9   10
 9   11
 9   12
 9   15
 9   18
 9   19
 10   3
 10   7
 10   8
 10   9
 10   11
 10   15
 10   18
 10   19
 10   20
 11   3
 11   6
 11   7
 11   8
 11   9
 11   10
 11   15
 11   16
 11   18
 11   19
 12   1
 12   2
 12   5
 12   9
 12   13
 12   14
 12   17
 12   20
 13   1
 13   2
 13   4
 13   6
 13   12
 13   14
 13   17
 13   20
 14   1
 14   2
 14   5
 14   12
 14   13
 14   17
 14   20
 15   3
 15   7
 15   8
 15   9
 15   10
 15   11
 15   16
 15   18
 15   19
 16   3
 16   5
 16   8
 16   11
 16   15
 16   18
 16   19
 17   1
 17   2
 17   4
 17   6
 17   12
 17   13
 17   14
 17   18
 17   20
 18   3
 18   7
 18   8
 18   9
 18   10
 18   11
 18   15
 18   16
 18   17
 19   2
 19   3
 19   7
 19   9
 19   10
 19   11
 19   15
 19   16
 20   1
 20   2
 20   4
 20   5
 20   6
 20   10
 20   12
 20   13
 20   14
 20   17
