https://powcoder.com
代写代考加微信 powcoder
Assignment Project Exam Help
Add WeChat powcoder
https://powcoder.com
代写代考加微信 powcoder
Assignment Project Exam Help
Add WeChat powcoder
 1   4
 1   6
 1   7
 1   8
 1   11
 1   12
 1   15
 1   17
 1   20
 2   3
 2   5
 2   7
 2   8
 2   10
 2   13
 2   16
 2   18
 2   19
 3   2
 3   5
 3   7
 3   8
 3   10
 3   12
 3   13
 3   16
 3   17
 3   18
 3   19
 4   1
 4   9
 4   11
 4   12
 4   14
 4   15
 4   17
 4   20
 5   2
 5   3
 5   7
 5   8
 5   10
 5   16
 5   17
 5   18
 5   19
 6   1
 6   9
 6   11
 6   12
 6   14
 6   15
 6   17
 6   19
 6   20
 7   1
 7   2
 7   3
 7   5
 7   8
 7   10
 7   13
 7   16
 7   18
 7   19
 8   1
 8   2
 8   3
 8   5
 8   7
 8   14
 8   16
 8   18
 8   19
 9   4
 9   6
 9   11
 9   12
 9   14
 9   15
 9   16
 9   17
 9   20
 10   2
 10   3
 10   5
 10   7
 10   13
 10   16
 10   18
 10   19
 11   1
 11   4
 11   6
 11   9
 11   12
 11   14
 11   15
 11   20
 12   1
 12   3
 12   4
 12   6
 12   9
 12   11
 12   14
 12   15
 12   17
 13   2
 13   3
 13   7
 13   10
 13   16
 13   18
 13   19
 14   4
 14   6
 14   8
 14   9
 14   11
 14   12
 14   15
 14   17
 14   20
 15   1
 15   4
 15   6
 15   9
 15   11
 15   12
 15   14
 15   17
 15   20
 16   2
 16   3
 16   5
 16   7
 16   8
 16   9
 16   10
 16   13
 16   18
 16   19
 17   1
 17   3
 17   4
 17   5
 17   6
 17   9
 17   12
 17   14
 17   15
 17   20
 18   2
 18   3
 18   5
 18   7
 18   8
 18   10
 18   13
 18   16
 18   19
 19   2
 19   3
 19   5
 19   6
 19   7
 19   8
 19   10
 19   13
 19   16
 19   18
 20   1
 20   4
 20   6
 20   9
 20   11
 20   14
 20   15
 20   17
