https://powcoder.com
代写代考加微信 powcoder
Assignment Project Exam Help
Add WeChat powcoder
https://powcoder.com
代写代考加微信 powcoder
Assignment Project Exam Help
Add WeChat powcoder
 1   4
 1   6
 1   8
 1   9
 1   12
 1   13
 1   14
 1   16
 1   20
 2   3
 2   5
 2   7
 2   10
 2   11
 2   13
 2   15
 2   17
 2   18
 3   2
 3   7
 3   10
 3   11
 3   15
 3   17
 3   18
 3   19
 4   1
 4   6
 4   7
 4   8
 4   9
 4   13
 4   14
 4   16
 4   20
 5   2
 5   7
 5   15
 5   17
 5   18
 5   19
 6   1
 6   4
 6   8
 6   9
 6   12
 6   13
 6   14
 6   16
 6   17
 6   20
 7   2
 7   3
 7   4
 7   5
 7   11
 7   15
 7   17
 7   18
 7   19
 8   1
 8   4
 8   6
 8   9
 8   12
 8   14
 8   20
 9   1
 9   4
 9   6
 9   8
 9   11
 9   12
 9   13
 9   14
 9   15
 9   16
 9   20
 10   2
 10   3
 10   11
 10   15
 10   17
 10   18
 11   2
 11   3
 11   7
 11   9
 11   10
 11   15
 11   17
 11   18
 12   1
 12   6
 12   8
 12   9
 12   13
 12   14
 12   16
 12   20
 13   1
 13   2
 13   4
 13   6
 13   9
 13   12
 13   14
 13   16
 13   20
 14   1
 14   4
 14   6
 14   8
 14   9
 14   12
 14   13
 14   16
 14   17
 14   19
 14   20
 15   2
 15   3
 15   5
 15   7
 15   9
 15   10
 15   11
 15   17
 15   19
 15   20
 16   1
 16   4
 16   6
 16   9
 16   12
 16   13
 16   14
 16   20
 17   2
 17   3
 17   5
 17   6
 17   7
 17   10
 17   11
 17   14
 17   15
 17   18
 17   19
 18   2
 18   3
 18   5
 18   7
 18   10
 18   11
 18   17
 18   19
 19   3
 19   5
 19   7
 19   14
 19   15
 19   17
 19   18
 20   1
 20   4
 20   6
 20   8
 20   9
 20   12
 20   13
 20   14
 20   15
 20   16
