https://powcoder.com
代写代考加微信 powcoder
Assignment Project Exam Help
Add WeChat powcoder
https://powcoder.com
代写代考加微信 powcoder
Assignment Project Exam Help
Add WeChat powcoder
 1   2
 1   3
 1   6
 1   8
 1   9
 1   11
 1   12
 1   13
 1   15
 1   16
 1   17
 2   1
 2   3
 2   6
 2   8
 2   12
 2   15
 2   16
 2   17
 2   19
 3   1
 3   2
 3   6
 3   8
 3   9
 3   12
 3   15
 3   16
 3   17
 3   19
 3   20
 4   5
 4   7
 4   9
 4   10
 4   11
 4   13
 4   14
 4   18
 5   4
 5   7
 5   9
 5   10
 5   13
 5   14
 5   18
 5   20
 6   1
 6   2
 6   3
 6   8
 6   12
 6   15
 6   17
 6   19
 7   4
 7   5
 7   9
 7   10
 7   11
 7   13
 7   14
 7   20
 8   1
 8   2
 8   3
 8   6
 8   12
 8   16
 8   17
 8   19
 9   1
 9   3
 9   4
 9   5
 9   7
 9   10
 9   11
 9   13
 9   18
 9   20
 10   4
 10   5
 10   7
 10   9
 10   11
 10   13
 10   14
 10   18
 10   20
 11   1
 11   4
 11   7
 11   9
 11   10
 11   14
 11   18
 11   20
 12   1
 12   2
 12   3
 12   6
 12   8
 12   15
 12   16
 12   17
 12   19
 13   1
 13   4
 13   5
 13   7
 13   9
 13   10
 13   14
 13   15
 13   18
 13   20
 14   4
 14   5
 14   7
 14   10
 14   11
 14   13
 14   18
 14   20
 15   1
 15   2
 15   3
 15   6
 15   12
 15   13
 15   16
 15   17
 15   19
 15   20
 16   1
 16   2
 16   3
 16   8
 16   12
 16   15
 16   17
 16   19
 16   20
 17   1
 17   2
 17   3
 17   6
 17   8
 17   12
 17   15
 17   16
 17   19
 18   4
 18   5
 18   9
 18   10
 18   11
 18   13
 18   14
 18   20
 19   2
 19   3
 19   6
 19   8
 19   12
 19   15
 19   16
 19   17
 20   3
 20   5
 20   7
 20   9
 20   10
 20   11
 20   13
 20   14
 20   15
 20   16
 20   18
