https://powcoder.com
代写代考加微信 powcoder
Assignment Project Exam Help
Add WeChat powcoder
https://powcoder.com
代写代考加微信 powcoder
Assignment Project Exam Help
Add WeChat powcoder
 1   2
 1   4
 1   6
 1   7
 1   8
 1   9
 1   12
 1   15
 1   19
 1   20
 2   1
 2   4
 2   6
 2   7
 2   8
 2   9
 2   12
 2   17
 3   5
 3   10
 3   11
 3   13
 3   14
 3   15
 3   16
 3   17
 3   18
 4   1
 4   2
 4   5
 4   7
 4   8
 4   9
 4   12
 4   15
 4   20
 5   3
 5   4
 5   10
 5   11
 5   13
 5   14
 5   16
 5   17
 5   19
 6   1
 6   2
 6   7
 6   8
 6   12
 6   15
 6   20
 7   1
 7   2
 7   4
 7   6
 7   8
 7   9
 7   11
 7   15
 7   20
 8   1
 8   2
 8   4
 8   6
 8   7
 8   9
 8   12
 8   15
 8   16
 8   20
 9   1
 9   2
 9   4
 9   7
 9   8
 9   11
 9   12
 9   20
 10   3
 10   5
 10   11
 10   13
 10   14
 10   16
 10   17
 10   18
 10   19
 11   3
 11   5
 11   7
 11   9
 11   10
 11   13
 11   14
 11   16
 11   17
 11   18
 12   1
 12   2
 12   4
 12   6
 12   8
 12   9
 12   15
 12   20
 13   3
 13   5
 13   10
 13   11
 13   14
 13   16
 13   17
 13   18
 13   19
 14   3
 14   5
 14   10
 14   11
 14   13
 14   16
 14   17
 14   18
 15   1
 15   3
 15   4
 15   6
 15   7
 15   8
 15   12
 15   18
 15   20
 16   3
 16   5
 16   8
 16   10
 16   11
 16   13
 16   14
 16   17
 16   18
 16   19
 17   2
 17   3
 17   5
 17   10
 17   11
 17   13
 17   14
 17   16
 17   19
 18   3
 18   10
 18   11
 18   13
 18   14
 18   15
 18   16
 18   19
 19   1
 19   5
 19   10
 19   13
 19   16
 19   17
 19   18
 20   1
 20   4
 20   6
 20   7
 20   8
 20   9
 20   12
 20   15
