https://powcoder.com
代写代考加微信 powcoder
Assignment Project Exam Help
Add WeChat powcoder
https://powcoder.com
代写代考加微信 powcoder
Assignment Project Exam Help
Add WeChat powcoder
 1   4
 1   6
 1   7
 1   8
 1   10
 1   13
 1   14
 1   16
 1   18
 1   19
 2   3
 2   5
 2   8
 2   9
 2   11
 2   12
 2   15
 2   17
 2   18
 2   20
 3   2
 3   5
 3   9
 3   11
 3   15
 3   17
 3   18
 3   20
 4   1
 4   6
 4   7
 4   8
 4   10
 4   13
 4   14
 4   16
 4   19
 5   2
 5   3
 5   9
 5   12
 5   15
 5   16
 5   17
 5   18
 5   20
 6   1
 6   4
 6   7
 6   8
 6   10
 6   13
 6   14
 6   16
 6   19
 7   1
 7   4
 7   6
 7   8
 7   10
 7   13
 7   14
 7   16
 8   1
 8   2
 8   4
 8   6
 8   7
 8   10
 8   14
 8   19
 9   2
 9   3
 9   5
 9   11
 9   12
 9   15
 9   17
 9   18
 9   20
 10   1
 10   4
 10   6
 10   7
 10   8
 10   13
 10   14
 10   16
 10   19
 11   2
 11   3
 11   9
 11   12
 11   17
 11   18
 11   20
 12   2
 12   5
 12   9
 12   11
 12   15
 12   17
 12   18
 12   20
 13   1
 13   4
 13   6
 13   7
 13   10
 13   14
 13   16
 13   19
 13   20
 14   1
 14   4
 14   6
 14   7
 14   8
 14   10
 14   13
 14   16
 14   19
 15   2
 15   3
 15   5
 15   9
 15   12
 15   16
 15   17
 15   18
 15   20
 16   1
 16   4
 16   5
 16   6
 16   7
 16   10
 16   13
 16   14
 16   15
 16   19
 17   2
 17   3
 17   5
 17   9
 17   11
 17   12
 17   15
 17   20
 18   1
 18   2
 18   3
 18   5
 18   9
 18   11
 18   12
 18   15
 18   20
 19   1
 19   4
 19   6
 19   8
 19   10
 19   13
 19   14
 19   16
 19   20
 20   2
 20   3
 20   5
 20   9
 20   11
 20   12
 20   13
 20   15
 20   17
 20   18
 20   19
