https://powcoder.com
代写代考加微信 powcoder
Assignment Project Exam Help
Add WeChat powcoder
https://powcoder.com
代写代考加微信 powcoder
Assignment Project Exam Help
Add WeChat powcoder
 1   2
 1   3
 1   5
 1   6
 1   9
 1   13
 1   15
 1   16
 1   19
 2   1
 2   3
 2   5
 2   6
 2   7
 2   9
 2   11
 2   13
 2   15
 2   16
 2   19
 3   1
 3   2
 3   6
 3   9
 3   12
 3   13
 3   15
 3   16
 3   19
 4   8
 4   10
 4   11
 4   12
 4   14
 4   17
 5   1
 5   2
 5   6
 5   9
 5   11
 5   13
 5   15
 5   16
 5   19
 6   1
 6   2
 6   3
 6   5
 6   9
 6   13
 6   15
 6   16
 7   2
 7   8
 7   10
 7   11
 7   12
 7   14
 7   17
 7   18
 7   20
 8   4
 8   7
 8   10
 8   11
 8   12
 8   14
 8   17
 8   18
 8   19
 8   20
 9   1
 9   2
 9   3
 9   5
 9   6
 9   13
 9   15
 9   16
 10   4
 10   7
 10   8
 10   11
 10   12
 10   14
 10   16
 10   17
 10   18
 10   20
 11   2
 11   4
 11   5
 11   7
 11   8
 11   10
 11   12
 11   14
 11   17
 11   18
 11   20
 12   3
 12   4
 12   7
 12   8
 12   10
 12   11
 12   17
 12   18
 12   19
 12   20
 13   1
 13   2
 13   3
 13   5
 13   6
 13   9
 13   14
 13   15
 13   16
 13   19
 14   4
 14   7
 14   8
 14   10
 14   11
 14   13
 14   17
 14   18
 14   20
 15   1
 15   2
 15   3
 15   5
 15   6
 15   9
 15   13
 15   16
 15   19
 16   1
 16   2
 16   3
 16   5
 16   6
 16   9
 16   10
 16   13
 16   15
 16   19
 17   4
 17   7
 17   8
 17   10
 17   11
 17   12
 17   14
 17   18
 17   20
 18   7
 18   8
 18   10
 18   11
 18   12
 18   14
 18   17
 18   20
 19   1
 19   2
 19   3
 19   5
 19   8
 19   12
 19   13
 19   15
 19   16
 20   7
 20   8
 20   10
 20   11
 20   12
 20   14
 20   17
 20   18
