https://powcoder.com
代写代考加微信 powcoder
Assignment Project Exam Help
Add WeChat powcoder
https://powcoder.com
代写代考加微信 powcoder
Assignment Project Exam Help
Add WeChat powcoder
 1   3
 1   4
 1   5
 1   7
 1   8
 1   13
 1   14
 1   16
 1   17
 1   18
 2   6
 2   9
 2   10
 2   11
 2   12
 2   15
 2   18
 2   19
 2   20
 3   1
 3   4
 3   5
 3   6
 3   7
 3   10
 3   13
 3   14
 3   16
 3   17
 4   1
 4   3
 4   7
 4   8
 4   13
 4   16
 4   19
 5   1
 5   3
 5   7
 5   8
 5   13
 5   14
 5   16
 5   17
 6   2
 6   3
 6   9
 6   10
 6   11
 6   12
 6   15
 6   19
 6   20
 7   1
 7   3
 7   4
 7   5
 7   8
 7   9
 7   13
 7   14
 7   16
 7   17
 8   1
 8   4
 8   5
 8   7
 8   13
 8   14
 8   16
 8   17
 8   20
 9   2
 9   6
 9   7
 9   10
 9   11
 9   12
 9   13
 9   15
 9   18
 9   19
 9   20
 10   2
 10   3
 10   6
 10   9
 10   11
 10   12
 10   15
 10   18
 10   19
 10   20
 11   2
 11   6
 11   9
 11   10
 11   12
 11   15
 11   18
 11   19
 11   20
 12   2
 12   6
 12   9
 12   10
 12   11
 12   15
 12   17
 12   18
 12   19
 12   20
 13   1
 13   3
 13   4
 13   5
 13   7
 13   8
 13   9
 13   14
 13   16
 13   17
 14   1
 14   3
 14   5
 14   7
 14   8
 14   13
 14   16
 14   17
 15   2
 15   6
 15   9
 15   10
 15   11
 15   12
 15   18
 15   19
 15   20
 16   1
 16   3
 16   4
 16   5
 16   7
 16   8
 16   13
 16   14
 16   17
 17   1
 17   3
 17   5
 17   7
 17   8
 17   12
 17   13
 17   14
 17   16
 18   1
 18   2
 18   9
 18   10
 18   11
 18   12
 18   15
 18   19
 18   20
 19   2
 19   4
 19   6
 19   9
 19   10
 19   11
 19   12
 19   15
 19   18
 19   20
 20   2
 20   6
 20   8
 20   9
 20   10
 20   11
 20   12
 20   15
 20   18
 20   19
