https://powcoder.com
代写代考加微信 powcoder
Assignment Project Exam Help
Add WeChat powcoder
https://powcoder.com
代写代考加微信 powcoder
Assignment Project Exam Help
Add WeChat powcoder
 1   3
 1   4
 1   5
 1   6
 1   10
 1   12
 1   13
 1   17
 1   18
 1   20
 2   4
 2   5
 2   7
 2   8
 2   9
 2   11
 2   14
 2   16
 2   19
 3   1
 3   4
 3   5
 3   6
 3   10
 3   12
 3   13
 3   17
 3   18
 3   20
 4   1
 4   2
 4   3
 4   6
 4   10
 4   12
 4   13
 4   17
 4   18
 4   20
 5   1
 5   2
 5   3
 5   7
 5   8
 5   9
 5   11
 5   13
 5   14
 5   15
 5   16
 5   19
 6   1
 6   3
 6   4
 6   10
 6   11
 6   12
 6   13
 6   14
 6   15
 6   17
 6   18
 6   20
 7   2
 7   5
 7   8
 7   9
 7   11
 7   15
 7   16
 7   19
 8   2
 8   5
 8   7
 8   9
 8   11
 8   14
 8   15
 8   16
 8   19
 9   2
 9   5
 9   7
 9   8
 9   11
 9   14
 9   15
 9   16
 9   19
 10   1
 10   3
 10   4
 10   6
 10   13
 10   17
 10   18
 10   20
 11   2
 11   5
 11   6
 11   7
 11   8
 11   9
 11   14
 11   15
 11   16
 11   19
 12   1
 12   3
 12   4
 12   6
 12   13
 12   17
 12   18
 12   20
 13   1
 13   3
 13   4
 13   5
 13   6
 13   10
 13   12
 13   18
 13   20
 14   2
 14   5
 14   6
 14   8
 14   9
 14   11
 14   15
 14   16
 15   5
 15   6
 15   7
 15   8
 15   9
 15   11
 15   14
 15   16
 15   19
 16   2
 16   5
 16   7
 16   8
 16   9
 16   11
 16   14
 16   15
 16   19
 17   1
 17   3
 17   4
 17   6
 17   10
 17   12
 17   18
 17   20
 18   1
 18   3
 18   4
 18   6
 18   10
 18   12
 18   13
 18   17
 18   19
 18   20
 19   2
 19   5
 19   7
 19   8
 19   9
 19   11
 19   15
 19   16
 19   18
 20   1
 20   3
 20   4
 20   6
 20   10
 20   12
 20   13
 20   17
 20   18
