https://powcoder.com
代写代考加微信 powcoder
Assignment Project Exam Help
Add WeChat powcoder
https://powcoder.com
代写代考加微信 powcoder
Assignment Project Exam Help
Add WeChat powcoder
 1   3
 1   6
 1   9
 1   10
 1   12
 1   13
 1   14
 1   15
 1   19
 2   4
 2   5
 2   7
 2   8
 2   14
 2   16
 2   17
 2   18
 3   1
 3   8
 3   9
 3   10
 3   13
 3   15
 3   19
 3   20
 4   2
 4   5
 4   7
 4   8
 4   11
 4   14
 4   16
 4   17
 4   18
 5   2
 5   4
 5   7
 5   8
 5   11
 5   14
 5   16
 5   17
 5   18
 6   1
 6   10
 6   12
 6   13
 6   14
 6   15
 6   19
 6   20
 7   2
 7   4
 7   5
 7   8
 7   11
 7   13
 7   14
 7   16
 7   17
 7   18
 8   2
 8   3
 8   4
 8   5
 8   7
 8   11
 8   14
 8   16
 8   17
 8   18
 9   1
 9   3
 9   10
 9   12
 9   13
 9   19
 9   20
 10   1
 10   3
 10   6
 10   9
 10   12
 10   13
 10   19
 10   20
 11   4
 11   5
 11   7
 11   8
 11   13
 11   14
 11   16
 11   17
 11   18
 12   1
 12   6
 12   9
 12   10
 12   13
 12   15
 12   19
 12   20
 13   1
 13   3
 13   6
 13   7
 13   9
 13   10
 13   11
 13   12
 13   15
 13   16
 13   19
 13   20
 14   1
 14   2
 14   4
 14   5
 14   6
 14   7
 14   8
 14   11
 14   17
 14   18
 14   19
 15   1
 15   3
 15   6
 15   12
 15   13
 15   17
 15   19
 15   20
 16   2
 16   4
 16   5
 16   7
 16   8
 16   11
 16   13
 16   17
 16   18
 17   2
 17   4
 17   5
 17   7
 17   8
 17   11
 17   14
 17   15
 17   16
 17   18
 18   2
 18   4
 18   5
 18   7
 18   8
 18   11
 18   14
 18   16
 18   17
 19   1
 19   3
 19   6
 19   9
 19   10
 19   12
 19   13
 19   14
 19   15
 19   20
 20   3
 20   6
 20   9
 20   10
 20   12
 20   13
 20   15
 20   19
