https://powcoder.com
代写代考加微信 powcoder
Assignment Project Exam Help
Add WeChat powcoder
https://powcoder.com
代写代考加微信 powcoder
Assignment Project Exam Help
Add WeChat powcoder
 1   2
 1   3
 1   4
 1   10
 1   11
 1   12
 1   14
 1   15
 1   17
 1   18
 2   1
 2   3
 2   4
 2   10
 2   11
 2   12
 2   14
 2   17
 2   18
 3   1
 3   2
 3   4
 3   10
 3   11
 3   12
 3   14
 3   18
 3   20
 4   1
 4   2
 4   3
 4   10
 4   12
 4   13
 4   15
 4   17
 4   18
 5   6
 5   7
 5   8
 5   9
 5   13
 5   15
 5   16
 5   19
 5   20
 6   5
 6   7
 6   8
 6   9
 6   13
 6   15
 6   16
 6   20
 7   5
 7   6
 7   8
 7   13
 7   15
 7   16
 7   19
 7   20
 8   5
 8   6
 8   7
 8   9
 8   13
 8   15
 8   16
 8   17
 8   19
 8   20
 9   5
 9   6
 9   8
 9   13
 9   15
 9   16
 9   17
 9   19
 9   20
 10   1
 10   2
 10   3
 10   4
 10   11
 10   12
 10   14
 10   17
 10   18
 11   1
 11   2
 11   3
 11   10
 11   12
 11   15
 11   17
 11   18
 12   1
 12   2
 12   3
 12   4
 12   10
 12   11
 12   14
 12   18
 13   4
 13   5
 13   6
 13   7
 13   8
 13   9
 13   15
 13   16
 13   19
 13   20
 14   1
 14   2
 14   3
 14   10
 14   12
 14   17
 14   18
 15   1
 15   4
 15   5
 15   6
 15   7
 15   8
 15   9
 15   11
 15   13
 15   16
 15   19
 15   20
 16   5
 16   6
 16   7
 16   8
 16   9
 16   13
 16   15
 16   20
 17   1
 17   2
 17   4
 17   8
 17   9
 17   10
 17   11
 17   14
 17   18
 17   20
 18   1
 18   2
 18   3
 18   4
 18   10
 18   11
 18   12
 18   14
 18   17
 19   5
 19   7
 19   8
 19   9
 19   13
 19   15
 19   20
 20   3
 20   5
 20   6
 20   7
 20   8
 20   9
 20   13
 20   15
 20   16
 20   17
 20   19
