https://powcoder.com
代写代考加微信 powcoder
Assignment Project Exam Help
Add WeChat powcoder
https://powcoder.com
代写代考加微信 powcoder
Assignment Project Exam Help
Add WeChat powcoder
 1   2
 1   5
 1   9
 1   10
 1   13
 1   14
 1   17
 2   1
 2   4
 2   5
 2   7
 2   8
 2   9
 2   10
 2   13
 2   14
 2   17
 3   6
 3   7
 3   11
 3   12
 3   15
 3   16
 3   18
 3   19
 3   20
 4   2
 4   5
 4   8
 4   9
 4   10
 4   13
 4   14
 4   17
 4   18
 5   1
 5   2
 5   4
 5   9
 5   10
 5   13
 5   14
 5   17
 6   3
 6   7
 6   11
 6   12
 6   15
 6   16
 6   17
 6   18
 6   19
 6   20
 7   2
 7   3
 7   6
 7   12
 7   15
 7   16
 7   19
 7   20
 8   2
 8   4
 8   9
 8   10
 8   13
 8   14
 8   17
 9   1
 9   2
 9   4
 9   5
 9   8
 9   10
 9   12
 9   13
 9   14
 9   17
 10   1
 10   2
 10   4
 10   5
 10   8
 10   9
 10   13
 10   14
 10   16
 10   17
 11   3
 11   6
 11   12
 11   15
 11   16
 11   18
 11   19
 11   20
 12   3
 12   6
 12   7
 12   9
 12   11
 12   15
 12   16
 12   18
 12   19
 12   20
 13   1
 13   2
 13   4
 13   5
 13   8
 13   9
 13   10
 13   14
 13   17
 13   18
 14   1
 14   2
 14   4
 14   5
 14   8
 14   9
 14   10
 14   13
 14   17
 14   20
 15   3
 15   6
 15   7
 15   11
 15   12
 15   16
 15   18
 15   19
 16   3
 16   6
 16   7
 16   10
 16   11
 16   12
 16   15
 16   18
 16   20
 17   1
 17   2
 17   4
 17   5
 17   6
 17   8
 17   9
 17   10
 17   13
 17   14
 17   19
 18   3
 18   4
 18   6
 18   11
 18   12
 18   13
 18   15
 18   16
 18   19
 18   20
 19   3
 19   6
 19   7
 19   11
 19   12
 19   15
 19   17
 19   18
 19   20
 20   3
 20   6
 20   7
 20   11
 20   12
 20   14
 20   16
 20   18
 20   19
