https://powcoder.com
代写代考加微信 powcoder
Assignment Project Exam Help
Add WeChat powcoder
https://powcoder.com
代写代考加微信 powcoder
Assignment Project Exam Help
Add WeChat powcoder
 1   3
 1   5
 1   8
 1   9
 1   10
 1   11
 1   13
 1   14
 1   16
 1   17
 1   18
 1   20
 2   3
 2   4
 2   6
 2   7
 2   10
 2   11
 2   12
 2   15
 2   19
 3   1
 3   2
 3   6
 3   7
 3   10
 3   11
 3   12
 3   15
 3   19
 4   2
 4   6
 4   7
 4   10
 4   11
 4   12
 4   15
 4   19
 5   1
 5   8
 5   9
 5   13
 5   14
 5   16
 5   17
 5   18
 5   20
 6   2
 6   3
 6   4
 6   7
 6   10
 6   11
 6   12
 6   15
 6   19
 7   2
 7   3
 7   4
 7   6
 7   10
 7   11
 7   12
 7   13
 7   15
 7   16
 7   17
 7   19
 8   1
 8   5
 8   9
 8   12
 8   13
 8   14
 8   16
 8   17
 8   20
 9   1
 9   5
 9   8
 9   13
 9   14
 9   16
 9   17
 9   18
 9   20
 10   1
 10   2
 10   3
 10   4
 10   6
 10   7
 10   11
 10   12
 10   15
 10   19
 11   1
 11   2
 11   3
 11   4
 11   6
 11   7
 11   10
 11   12
 11   15
 11   19
 12   2
 12   3
 12   4
 12   6
 12   7
 12   8
 12   10
 12   11
 12   15
 12   19
 13   1
 13   5
 13   7
 13   8
 13   9
 13   14
 13   16
 13   17
 13   18
 13   20
 14   1
 14   5
 14   8
 14   9
 14   13
 14   16
 14   17
 14   18
 14   20
 15   2
 15   3
 15   4
 15   6
 15   7
 15   10
 15   11
 15   12
 15   19
 16   1
 16   5
 16   7
 16   8
 16   9
 16   13
 16   14
 16   17
 16   18
 16   20
 17   1
 17   5
 17   7
 17   8
 17   9
 17   13
 17   14
 17   16
 17   18
 17   20
 18   1
 18   5
 18   9
 18   13
 18   14
 18   16
 18   17
 18   20
 19   2
 19   3
 19   4
 19   6
 19   7
 19   10
 19   11
 19   12
 19   15
 19   20
 20   1
 20   5
 20   8
 20   9
 20   13
 20   14
 20   16
 20   17
 20   18
 20   19
