https://powcoder.com
代写代考加微信 powcoder
Assignment Project Exam Help
Add WeChat powcoder
https://powcoder.com
代写代考加微信 powcoder
Assignment Project Exam Help
Add WeChat powcoder
 1   2
 1   4
 1   5
 1   6
 1   7
 1   16
 1   18
 1   19
 2   1
 2   4
 2   5
 2   7
 2   8
 2   11
 2   15
 2   16
 2   18
 2   19
 3   6
 3   8
 3   9
 3   10
 3   13
 3   14
 3   17
 3   20
 4   1
 4   2
 4   5
 4   7
 4   11
 4   16
 4   18
 4   19
 5   1
 5   2
 5   4
 5   7
 5   15
 5   16
 5   18
 5   19
 6   1
 6   3
 6   8
 6   9
 6   10
 6   14
 6   17
 6   20
 7   1
 7   2
 7   4
 7   5
 7   11
 7   15
 7   16
 7   18
 7   19
 7   20
 8   2
 8   3
 8   6
 8   9
 8   10
 8   12
 8   13
 8   17
 8   20
 9   3
 9   6
 9   8
 9   10
 9   12
 9   13
 9   14
 9   17
 9   20
 10   3
 10   6
 10   8
 10   9
 10   12
 10   13
 10   14
 10   17
 10   20
 11   2
 11   4
 11   7
 11   15
 11   16
 11   18
 11   19
 12   8
 12   9
 12   10
 12   13
 12   14
 12   17
 12   18
 12   20
 13   3
 13   8
 13   9
 13   10
 13   12
 13   14
 13   17
 13   20
 14   3
 14   6
 14   9
 14   10
 14   12
 14   13
 14   17
 14   20
 15   2
 15   5
 15   7
 15   11
 15   16
 15   18
 15   19
 16   1
 16   2
 16   4
 16   5
 16   7
 16   11
 16   15
 16   18
 17   3
 17   6
 17   8
 17   9
 17   10
 17   12
 17   13
 17   14
 17   20
 18   1
 18   2
 18   4
 18   5
 18   7
 18   11
 18   12
 18   15
 18   16
 18   19
 19   1
 19   2
 19   4
 19   5
 19   7
 19   11
 19   15
 19   18
 20   3
 20   6
 20   7
 20   8
 20   9
 20   10
 20   12
 20   13
 20   14
 20   17
