https://powcoder.com
代写代考加微信 powcoder
Assignment Project Exam Help
Add WeChat powcoder
https://powcoder.com
代写代考加微信 powcoder
Assignment Project Exam Help
Add WeChat powcoder
 1   4
 1   5
 1   7
 1   10
 1   11
 1   14
 1   16
 1   19
 2   3
 2   6
 2   8
 2   9
 2   10
 2   11
 2   18
 2   20
 3   2
 3   5
 3   6
 3   8
 3   9
 3   10
 3   13
 3   17
 3   18
 3   20
 4   1
 4   5
 4   7
 4   11
 4   12
 4   14
 4   15
 4   19
 5   1
 5   3
 5   4
 5   6
 5   7
 5   11
 5   12
 5   14
 5   15
 5   16
 5   19
 6   2
 6   3
 6   5
 6   8
 6   9
 6   10
 6   13
 6   17
 6   18
 6   20
 7   1
 7   4
 7   5
 7   11
 7   14
 7   15
 7   16
 8   2
 8   3
 8   6
 8   9
 8   10
 8   13
 8   17
 9   2
 9   3
 9   6
 9   8
 9   10
 9   13
 9   14
 9   16
 9   17
 9   18
 9   20
 10   1
 10   2
 10   3
 10   6
 10   8
 10   9
 10   13
 10   17
 10   18
 10   20
 11   1
 11   2
 11   4
 11   5
 11   7
 11   12
 11   14
 11   15
 11   16
 12   4
 12   5
 12   11
 12   13
 12   14
 12   15
 12   16
 12   19
 13   3
 13   6
 13   8
 13   9
 13   10
 13   12
 13   17
 13   18
 13   20
 14   1
 14   4
 14   5
 14   7
 14   9
 14   11
 14   12
 14   15
 14   16
 15   4
 15   5
 15   7
 15   11
 15   12
 15   14
 15   16
 15   19
 16   1
 16   5
 16   7
 16   9
 16   11
 16   12
 16   14
 16   15
 16   19
 17   3
 17   6
 17   8
 17   9
 17   10
 17   13
 17   18
 17   20
 18   2
 18   3
 18   6
 18   9
 18   10
 18   13
 18   17
 18   20
 19   1
 19   4
 19   5
 19   12
 19   15
 19   16
 19   20
 20   2
 20   3
 20   6
 20   9
 20   10
 20   13
 20   17
 20   18
 20   19
