https://powcoder.com
代写代考加微信 powcoder
Assignment Project Exam Help
Add WeChat powcoder
https://powcoder.com
代写代考加微信 powcoder
Assignment Project Exam Help
Add WeChat powcoder
 1   2
 1   4
 1   9
 1   10
 1   11
 1   13
 1   18
 1   19
 1   20
 2   1
 2   3
 2   4
 2   9
 2   10
 2   11
 2   12
 2   13
 2   18
 2   19
 2   20
 3   2
 3   5
 3   6
 3   7
 3   8
 3   12
 3   14
 3   15
 3   17
 4   1
 4   2
 4   6
 4   9
 4   10
 4   11
 4   13
 4   18
 4   19
 4   20
 5   3
 5   6
 5   7
 5   8
 5   9
 5   11
 5   14
 5   15
 5   16
 5   17
 6   3
 6   4
 6   5
 6   7
 6   8
 6   10
 6   12
 6   14
 6   15
 6   16
 6   17
 7   3
 7   5
 7   6
 7   8
 7   12
 7   14
 7   15
 7   16
 7   17
 8   3
 8   5
 8   6
 8   7
 8   12
 8   14
 8   15
 8   16
 8   17
 9   1
 9   2
 9   4
 9   5
 9   10
 9   11
 9   13
 9   18
 9   19
 9   20
 10   1
 10   2
 10   4
 10   6
 10   9
 10   11
 10   13
 10   19
 10   20
 11   1
 11   2
 11   4
 11   5
 11   9
 11   10
 11   13
 11   18
 11   19
 11   20
 12   2
 12   3
 12   6
 12   7
 12   8
 12   14
 12   15
 12   16
 13   1
 13   2
 13   4
 13   9
 13   10
 13   11
 13   19
 13   20
 14   3
 14   5
 14   6
 14   7
 14   8
 14   12
 14   15
 14   16
 14   17
 15   3
 15   5
 15   6
 15   7
 15   8
 15   12
 15   14
 15   16
 15   17
 15   18
 16   5
 16   6
 16   7
 16   8
 16   12
 16   14
 16   15
 16   17
 16   18
 17   3
 17   5
 17   6
 17   7
 17   8
 17   14
 17   15
 17   16
 18   1
 18   2
 18   4
 18   9
 18   11
 18   15
 18   16
 18   19
 18   20
 19   1
 19   2
 19   4
 19   9
 19   10
 19   11
 19   13
 19   18
 19   20
 20   1
 20   2
 20   4
 20   9
 20   10
 20   11
 20   13
 20   18
 20   19
