https://powcoder.com
代写代考加微信 powcoder
Assignment Project Exam Help
Add WeChat powcoder
https://powcoder.com
代写代考加微信 powcoder
Assignment Project Exam Help
Add WeChat powcoder
 1   4
 1   5
 1   8
 1   11
 1   13
 1   19
 1   20
 2   4
 2   5
 2   6
 2   8
 2   11
 2   15
 2   17
 2   19
 2   20
 3   7
 3   10
 3   14
 3   16
 3   17
 3   18
 4   1
 4   2
 4   5
 4   8
 4   11
 4   13
 4   15
 4   16
 4   19
 4   20
 5   1
 5   2
 5   4
 5   8
 5   11
 5   13
 5   15
 5   19
 5   20
 6   2
 6   7
 6   9
 6   16
 6   17
 6   18
 7   3
 7   6
 7   9
 7   10
 7   12
 7   14
 7   17
 7   18
 8   1
 8   2
 8   4
 8   5
 8   11
 8   13
 8   14
 8   15
 8   16
 8   19
 8   20
 9   6
 9   7
 9   10
 9   12
 9   14
 9   18
 10   3
 10   7
 10   9
 10   12
 10   13
 10   14
 10   16
 10   17
 10   18
 11   1
 11   2
 11   4
 11   5
 11   8
 11   13
 11   14
 11   15
 11   19
 11   20
 12   7
 12   9
 12   10
 12   14
 12   16
 12   18
 13   1
 13   4
 13   5
 13   8
 13   10
 13   11
 13   15
 13   17
 13   19
 13   20
 14   3
 14   7
 14   8
 14   9
 14   10
 14   11
 14   12
 14   16
 14   17
 14   18
 15   2
 15   4
 15   5
 15   8
 15   11
 15   13
 15   19
 15   20
 16   3
 16   4
 16   6
 16   8
 16   10
 16   12
 16   14
 16   17
 16   18
 17   2
 17   3
 17   6
 17   7
 17   10
 17   13
 17   14
 17   16
 17   18
 18   3
 18   6
 18   7
 18   9
 18   10
 18   12
 18   14
 18   16
 18   17
 19   1
 19   2
 19   4
 19   5
 19   8
 19   11
 19   13
 19   15
 19   20
 20   1
 20   2
 20   4
 20   5
 20   8
 20   11
 20   13
 20   15
 20   19
