https://powcoder.com
代写代考加微信 powcoder
Assignment Project Exam Help
Add WeChat powcoder
https://powcoder.com
代写代考加微信 powcoder
Assignment Project Exam Help
Add WeChat powcoder
 1   3
 1   5
 1   8
 1   9
 1   13
 1   16
 1   17
 1   18
 1   20
 2   5
 2   6
 2   10
 2   11
 2   12
 2   14
 2   15
 2   18
 2   19
 3   1
 3   7
 3   8
 3   9
 3   13
 3   16
 3   17
 3   18
 3   20
 4   5
 4   6
 4   7
 4   10
 4   11
 4   12
 4   13
 4   14
 4   15
 4   19
 5   1
 5   2
 5   4
 5   6
 5   10
 5   11
 5   12
 5   14
 5   19
 6   2
 6   4
 6   5
 6   10
 6   11
 6   12
 6   14
 6   15
 6   19
 7   3
 7   4
 7   8
 7   9
 7   13
 7   16
 7   17
 7   18
 7   20
 8   1
 8   3
 8   7
 8   9
 8   13
 8   16
 8   17
 8   18
 9   1
 9   3
 9   7
 9   8
 9   10
 9   12
 9   13
 9   16
 9   17
 9   18
 9   20
 10   2
 10   4
 10   5
 10   6
 10   9
 10   11
 10   12
 10   14
 10   19
 11   2
 11   4
 11   5
 11   6
 11   10
 11   12
 11   14
 11   15
 11   19
 12   2
 12   4
 12   5
 12   6
 12   9
 12   10
 12   11
 12   14
 12   15
 12   19
 13   1
 13   3
 13   4
 13   7
 13   8
 13   9
 13   17
 13   18
 13   20
 14   2
 14   4
 14   5
 14   6
 14   10
 14   11
 14   12
 14   15
 14   17
 14   19
 15   2
 15   4
 15   6
 15   11
 15   12
 15   14
 15   19
 16   1
 16   3
 16   7
 16   8
 16   9
 16   18
 16   19
 16   20
 17   1
 17   3
 17   7
 17   8
 17   9
 17   13
 17   14
 17   18
 17   20
 18   1
 18   2
 18   3
 18   7
 18   8
 18   9
 18   13
 18   16
 18   17
 19   2
 19   4
 19   5
 19   6
 19   10
 19   11
 19   12
 19   14
 19   15
 19   16
 20   1
 20   3
 20   7
 20   9
 20   13
 20   16
 20   17
