https://powcoder.com
代写代考加微信 powcoder
Assignment Project Exam Help
Add WeChat powcoder
https://powcoder.com
代写代考加微信 powcoder
Assignment Project Exam Help
Add WeChat powcoder
 1   3
 1   10
 1   12
 1   16
 1   17
 1   19
 1   20
 2   4
 2   5
 2   7
 2   8
 2   9
 2   13
 2   14
 2   15
 2   18
 3   1
 3   6
 3   10
 3   11
 3   12
 3   17
 3   19
 3   20
 4   2
 4   5
 4   7
 4   8
 4   9
 4   13
 4   14
 4   15
 4   18
 5   2
 5   4
 5   7
 5   8
 5   9
 5   13
 5   14
 5   15
 5   18
 5   19
 6   3
 6   11
 6   12
 6   16
 6   17
 6   19
 6   20
 7   2
 7   4
 7   5
 7   9
 7   13
 7   14
 7   15
 7   18
 8   2
 8   4
 8   5
 8   9
 8   12
 8   13
 8   14
 8   15
 8   16
 8   18
 8   20
 9   2
 9   4
 9   5
 9   7
 9   8
 9   13
 9   14
 9   15
 9   19
 10   1
 10   3
 10   11
 10   12
 10   13
 10   16
 10   17
 10   19
 10   20
 11   3
 11   6
 11   10
 11   12
 11   17
 11   19
 11   20
 12   1
 12   3
 12   6
 12   8
 12   10
 12   11
 12   16
 12   17
 12   19
 13   2
 13   4
 13   5
 13   7
 13   8
 13   9
 13   10
 13   14
 13   15
 13   18
 13   19
 14   2
 14   4
 14   5
 14   7
 14   8
 14   9
 14   13
 14   18
 15   2
 15   4
 15   5
 15   7
 15   8
 15   9
 15   13
 15   18
 16   1
 16   6
 16   8
 16   10
 16   12
 16   17
 16   18
 16   19
 16   20
 17   1
 17   3
 17   6
 17   10
 17   11
 17   12
 17   16
 17   19
 17   20
 18   2
 18   4
 18   5
 18   7
 18   8
 18   13
 18   14
 18   15
 18   16
 19   1
 19   3
 19   5
 19   6
 19   9
 19   10
 19   11
 19   12
 19   13
 19   16
 19   17
 19   20
 20   1
 20   3
 20   6
 20   8
 20   10
 20   11
 20   16
 20   17
 20   19
