https://powcoder.com
代写代考加微信 powcoder
Assignment Project Exam Help
Add WeChat powcoder
https://powcoder.com
代写代考加微信 powcoder
Assignment Project Exam Help
Add WeChat powcoder
 1   3
 1   5
 1   6
 1   9
 1   12
 1   14
 1   15
 1   16
 1   17
 1   18
 2   3
 2   4
 2   7
 2   8
 2   10
 2   11
 2   13
 2   19
 2   20
 3   1
 3   2
 3   4
 3   6
 3   7
 3   8
 3   10
 3   11
 3   13
 3   15
 3   19
 3   20
 4   2
 4   3
 4   5
 4   7
 4   8
 4   10
 4   11
 4   13
 4   19
 5   1
 5   4
 5   6
 5   7
 5   8
 5   9
 5   12
 5   14
 5   16
 5   17
 5   18
 6   1
 6   3
 6   5
 6   9
 6   12
 6   14
 6   15
 6   16
 6   17
 6   18
 7   2
 7   3
 7   4
 7   5
 7   10
 7   11
 7   13
 7   19
 7   20
 8   2
 8   3
 8   4
 8   5
 8   10
 8   11
 8   13
 8   19
 8   20
 9   1
 9   5
 9   6
 9   15
 9   16
 9   17
 9   18
 10   2
 10   3
 10   4
 10   7
 10   8
 10   11
 10   13
 10   19
 10   20
 11   2
 11   3
 11   4
 11   7
 11   8
 11   10
 11   20
 12   1
 12   5
 12   6
 12   14
 12   15
 12   16
 12   17
 12   18
 13   2
 13   3
 13   4
 13   7
 13   8
 13   10
 13   19
 14   1
 14   5
 14   6
 14   12
 14   15
 14   18
 15   1
 15   3
 15   6
 15   9
 15   12
 15   14
 15   16
 15   17
 15   18
 16   1
 16   5
 16   6
 16   9
 16   12
 16   15
 16   17
 16   18
 17   1
 17   5
 17   6
 17   9
 17   12
 17   15
 17   16
 17   18
 18   1
 18   5
 18   6
 18   9
 18   12
 18   14
 18   15
 18   16
 18   17
 19   2
 19   3
 19   4
 19   7
 19   8
 19   10
 19   13
 19   20
 20   2
 20   3
 20   7
 20   8
 20   10
 20   11
 20   19
