https://powcoder.com
代写代考加微信 powcoder
Assignment Project Exam Help
Add WeChat powcoder
https://powcoder.com
代写代考加微信 powcoder
Assignment Project Exam Help
Add WeChat powcoder
 1   5
 1   6
 1   10
 1   12
 1   14
 1   16
 1   17
 1   18
 1   20
 2   3
 2   7
 2   8
 2   9
 2   11
 2   13
 2   15
 2   19
 3   2
 3   4
 3   6
 3   8
 3   9
 3   13
 3   15
 3   18
 3   19
 4   3
 4   7
 4   8
 4   9
 4   11
 4   13
 4   15
 5   1
 5   6
 5   10
 5   12
 5   14
 5   16
 5   17
 5   18
 5   20
 6   1
 6   3
 6   5
 6   7
 6   10
 6   14
 6   16
 6   18
 6   20
 7   2
 7   4
 7   6
 7   8
 7   9
 7   11
 7   13
 7   15
 8   2
 8   3
 8   4
 8   7
 8   9
 8   11
 8   13
 8   15
 8   19
 9   2
 9   3
 9   4
 9   7
 9   8
 9   11
 9   13
 9   15
 9   16
 9   19
 10   1
 10   5
 10   6
 10   12
 10   14
 10   16
 10   17
 10   20
 11   2
 11   4
 11   7
 11   8
 11   9
 11   13
 11   15
 12   1
 12   5
 12   10
 12   16
 12   17
 12   18
 12   20
 13   2
 13   3
 13   4
 13   7
 13   8
 13   9
 13   11
 13   14
 13   15
 13   16
 13   19
 14   1
 14   5
 14   6
 14   10
 14   13
 14   16
 14   17
 14   20
 15   2
 15   3
 15   4
 15   7
 15   8
 15   9
 15   11
 15   13
 15   19
 16   1
 16   5
 16   6
 16   9
 16   10
 16   12
 16   13
 16   14
 16   17
 16   18
 16   20
 17   1
 17   5
 17   10
 17   12
 17   14
 17   16
 17   18
 17   20
 18   1
 18   3
 18   5
 18   6
 18   12
 18   16
 18   17
 18   20
 19   2
 19   3
 19   8
 19   9
 19   13
 19   15
 20   1
 20   5
 20   6
 20   10
 20   12
 20   14
 20   16
 20   17
 20   18
