https://powcoder.com
代写代考加微信 powcoder
Assignment Project Exam Help
Add WeChat powcoder
https://powcoder.com
代写代考加微信 powcoder
Assignment Project Exam Help
Add WeChat powcoder
 1   4
 1   5
 1   6
 1   8
 1   9
 1   10
 1   12
 1   15
 1   18
 1   19
 1   20
 2   3
 2   4
 2   7
 2   11
 2   13
 2   14
 2   15
 2   16
 2   17
 3   2
 3   4
 3   7
 3   11
 3   13
 3   14
 3   16
 3   17
 4   1
 4   2
 4   3
 4   7
 4   11
 4   13
 4   14
 4   15
 4   16
 4   17
 5   1
 5   6
 5   8
 5   9
 5   10
 5   11
 5   12
 5   13
 5   18
 5   19
 5   20
 6   1
 6   5
 6   9
 6   10
 6   12
 6   15
 6   18
 6   20
 7   2
 7   3
 7   4
 7   11
 7   13
 7   14
 7   15
 7   16
 7   17
 8   1
 8   5
 8   9
 8   10
 8   12
 8   18
 8   19
 9   1
 9   5
 9   6
 9   8
 9   10
 9   12
 9   16
 9   18
 9   19
 9   20
 10   1
 10   5
 10   6
 10   8
 10   9
 10   11
 10   12
 10   19
 10   20
 11   2
 11   3
 11   4
 11   5
 11   7
 11   10
 11   13
 11   14
 11   15
 11   16
 11   17
 12   1
 12   5
 12   6
 12   8
 12   9
 12   10
 12   17
 12   18
 12   19
 12   20
 13   2
 13   3
 13   4
 13   5
 13   7
 13   11
 13   14
 13   16
 13   17
 14   2
 14   3
 14   4
 14   7
 14   11
 14   13
 14   15
 14   17
 15   1
 15   2
 15   4
 15   6
 15   7
 15   11
 15   14
 15   16
 15   17
 16   2
 16   3
 16   4
 16   7
 16   9
 16   11
 16   13
 16   15
 16   17
 17   2
 17   3
 17   4
 17   7
 17   11
 17   12
 17   13
 17   14
 17   15
 17   16
 18   1
 18   5
 18   6
 18   8
 18   9
 18   12
 18   19
 18   20
 19   1
 19   5
 19   8
 19   9
 19   10
 19   12
 19   18
 19   20
 20   1
 20   5
 20   6
 20   9
 20   10
 20   12
 20   18
 20   19
