https://powcoder.com
代写代考加微信 powcoder
Assignment Project Exam Help
Add WeChat powcoder
https://powcoder.com
代写代考加微信 powcoder
Assignment Project Exam Help
Add WeChat powcoder
 1   5
 1   8
 1   10
 1   14
 1   15
 1   16
 1   17
 1   18
 1   19
 2   3
 2   4
 2   6
 2   7
 2   9
 2   11
 2   12
 2   13
 2   20
 3   2
 3   4
 3   6
 3   7
 3   9
 3   11
 3   13
 3   20
 4   2
 4   3
 4   6
 4   7
 4   8
 4   9
 4   11
 4   12
 4   13
 4   20
 5   1
 5   8
 5   10
 5   14
 5   16
 5   17
 5   18
 5   19
 6   2
 6   3
 6   4
 6   7
 6   9
 6   11
 6   12
 6   13
 6   20
 7   2
 7   3
 7   4
 7   6
 7   9
 7   11
 7   12
 7   13
 7   19
 7   20
 8   1
 8   4
 8   5
 8   10
 8   14
 8   16
 8   17
 8   18
 9   2
 9   3
 9   4
 9   6
 9   7
 9   11
 9   12
 9   13
 9   20
 10   1
 10   5
 10   8
 10   13
 10   14
 10   15
 10   16
 10   17
 10   18
 10   19
 11   2
 11   3
 11   4
 11   6
 11   7
 11   9
 11   12
 11   13
 11   17
 11   20
 12   2
 12   4
 12   6
 12   7
 12   9
 12   11
 12   13
 12   20
 13   2
 13   3
 13   4
 13   6
 13   7
 13   9
 13   10
 13   11
 13   12
 13   20
 14   1
 14   5
 14   8
 14   10
 14   15
 14   16
 14   17
 14   18
 14   19
 15   1
 15   10
 15   14
 15   17
 15   18
 15   19
 16   1
 16   5
 16   8
 16   10
 16   14
 16   17
 16   19
 17   1
 17   5
 17   8
 17   10
 17   11
 17   14
 17   15
 17   16
 17   18
 17   19
 18   1
 18   5
 18   8
 18   10
 18   14
 18   15
 18   17
 18   19
 19   1
 19   5
 19   7
 19   10
 19   14
 19   15
 19   16
 19   17
 19   18
 20   2
 20   3
 20   4
 20   6
 20   7
 20   9
 20   11
 20   12
 20   13
