https://powcoder.com
代写代考加微信 powcoder
Assignment Project Exam Help
Add WeChat powcoder
https://powcoder.com
代写代考加微信 powcoder
Assignment Project Exam Help
Add WeChat powcoder
 1   7
 1   8
 1   9
 1   11
 1   15
 1   17
 1   18
 2   4
 2   10
 2   12
 2   13
 2   14
 2   16
 2   17
 2   19
 2   20
 3   6
 3   7
 3   8
 3   9
 3   11
 3   15
 3   17
 3   18
 4   2
 4   5
 4   10
 4   12
 4   13
 4   16
 4   19
 4   20
 5   4
 5   10
 5   12
 5   13
 5   14
 5   15
 5   19
 5   20
 6   3
 6   7
 6   8
 6   9
 6   11
 6   15
 6   17
 6   18
 7   1
 7   3
 7   6
 7   8
 7   9
 7   11
 7   13
 7   15
 7   17
 7   18
 8   1
 8   3
 8   6
 8   7
 8   9
 8   10
 8   11
 8   15
 8   17
 9   1
 9   3
 9   6
 9   7
 9   8
 9   11
 9   13
 9   15
 9   17
 9   18
 10   2
 10   4
 10   5
 10   8
 10   12
 10   13
 10   14
 10   16
 10   19
 10   20
 11   1
 11   3
 11   6
 11   7
 11   8
 11   9
 11   15
 11   17
 11   18
 12   2
 12   4
 12   5
 12   10
 12   13
 12   14
 12   16
 12   19
 12   20
 13   2
 13   4
 13   5
 13   7
 13   9
 13   10
 13   12
 13   14
 13   16
 13   20
 14   2
 14   5
 14   10
 14   12
 14   13
 14   19
 14   20
 15   1
 15   3
 15   5
 15   6
 15   7
 15   8
 15   9
 15   11
 15   17
 15   18
 16   2
 16   4
 16   10
 16   12
 16   13
 16   19
 16   20
 17   1
 17   2
 17   3
 17   6
 17   7
 17   8
 17   9
 17   11
 17   15
 17   18
 17   19
 18   1
 18   3
 18   6
 18   7
 18   9
 18   11
 18   15
 18   17
 19   2
 19   4
 19   5
 19   10
 19   12
 19   14
 19   16
 19   17
 19   20
 20   2
 20   4
 20   5
 20   10
 20   12
 20   13
 20   14
 20   16
 20   19
