https://powcoder.com
代写代考加微信 powcoder
Assignment Project Exam Help
Add WeChat powcoder
https://powcoder.com
代写代考加微信 powcoder
Assignment Project Exam Help
Add WeChat powcoder
 1   2
 1   4
 1   7
 1   9
 1   10
 1   11
 1   19
 2   1
 2   7
 2   9
 2   10
 2   11
 2   13
 2   19
 3   5
 3   6
 3   12
 3   14
 3   15
 3   16
 3   17
 3   20
 4   1
 4   7
 4   8
 4   9
 4   10
 4   11
 4   13
 4   19
 5   3
 5   6
 5   7
 5   12
 5   14
 5   15
 5   16
 5   17
 5   18
 5   20
 6   3
 6   5
 6   12
 6   14
 6   15
 6   16
 6   17
 6   18
 6   20
 7   1
 7   2
 7   4
 7   5
 7   8
 7   9
 7   10
 7   11
 7   13
 7   16
 7   18
 8   4
 8   7
 8   9
 8   10
 8   11
 8   13
 8   19
 9   1
 9   2
 9   4
 9   7
 9   8
 9   10
 9   11
 9   13
 9   19
 9   20
 10   1
 10   2
 10   4
 10   7
 10   8
 10   9
 10   11
 10   13
 10   19
 11   1
 11   2
 11   4
 11   7
 11   8
 11   9
 11   10
 11   13
 11   19
 11   20
 12   3
 12   5
 12   6
 12   14
 12   15
 12   16
 12   17
 12   18
 12   20
 13   2
 13   4
 13   7
 13   8
 13   9
 13   10
 13   11
 13   19
 13   20
 14   3
 14   5
 14   6
 14   12
 14   15
 14   16
 14   17
 14   18
 14   20
 15   3
 15   5
 15   6
 15   12
 15   14
 15   16
 15   17
 15   18
 15   20
 16   3
 16   5
 16   6
 16   7
 16   12
 16   14
 16   15
 16   17
 17   3
 17   5
 17   6
 17   12
 17   14
 17   15
 17   16
 17   18
 17   20
 18   5
 18   6
 18   7
 18   12
 18   14
 18   15
 18   17
 19   1
 19   2
 19   4
 19   8
 19   9
 19   10
 19   11
 19   13
 20   3
 20   5
 20   6
 20   9
 20   11
 20   12
 20   13
 20   14
 20   15
 20   17
