https://powcoder.com
代写代考加微信 powcoder
Assignment Project Exam Help
Add WeChat powcoder
https://powcoder.com
代写代考加微信 powcoder
Assignment Project Exam Help
Add WeChat powcoder
 1   2
 1   6
 1   9
 1   12
 1   16
 1   17
 1   18
 1   20
 2   1
 2   6
 2   9
 2   12
 2   14
 2   16
 2   17
 2   18
 2   20
 3   4
 3   5
 3   7
 3   10
 3   13
 3   15
 3   19
 4   3
 4   5
 4   7
 4   8
 4   10
 4   11
 4   13
 4   14
 4   15
 4   18
 4   19
 5   3
 5   4
 5   7
 5   8
 5   10
 5   11
 5   12
 5   13
 5   17
 5   19
 6   1
 6   2
 6   9
 6   12
 6   14
 6   16
 6   17
 6   18
 6   20
 7   3
 7   4
 7   5
 7   8
 7   10
 7   11
 7   13
 7   15
 7   19
 8   4
 8   5
 8   7
 8   10
 8   11
 8   15
 8   19
 9   1
 9   2
 9   6
 9   14
 9   16
 9   17
 9   18
 9   20
 10   3
 10   4
 10   5
 10   7
 10   8
 10   11
 10   13
 10   14
 10   15
 10   19
 11   4
 11   5
 11   7
 11   8
 11   10
 11   12
 11   13
 11   15
 11   16
 11   19
 12   1
 12   2
 12   5
 12   6
 12   11
 12   14
 12   16
 12   17
 12   18
 12   20
 13   3
 13   4
 13   5
 13   7
 13   10
 13   11
 13   15
 13   19
 14   2
 14   4
 14   6
 14   9
 14   10
 14   12
 14   16
 14   17
 14   18
 14   20
 15   3
 15   4
 15   7
 15   8
 15   10
 15   11
 15   13
 15   18
 15   19
 16   1
 16   2
 16   6
 16   9
 16   11
 16   12
 16   14
 16   17
 16   18
 16   20
 17   1
 17   2
 17   5
 17   6
 17   9
 17   12
 17   14
 17   16
 17   18
 17   20
 18   1
 18   2
 18   4
 18   6
 18   9
 18   12
 18   14
 18   15
 18   16
 18   17
 18   20
 19   3
 19   4
 19   5
 19   7
 19   8
 19   10
 19   11
 19   13
 19   15
 20   1
 20   2
 20   6
 20   9
 20   12
 20   14
 20   16
 20   17
 20   18
