https://powcoder.com
代写代考加微信 powcoder
Assignment Project Exam Help
Add WeChat powcoder
https://powcoder.com
代写代考加微信 powcoder
Assignment Project Exam Help
Add WeChat powcoder
 1   4
 1   5
 1   9
 1   10
 1   13
 1   14
 1   15
 1   17
 1   19
 2   3
 2   5
 2   6
 2   7
 2   8
 2   9
 2   11
 2   16
 2   20
 3   2
 3   6
 3   7
 3   8
 3   11
 3   16
 3   17
 3   18
 3   20
 4   1
 4   5
 4   9
 4   10
 4   13
 4   14
 4   15
 4   18
 4   19
 5   1
 5   2
 5   4
 5   9
 5   10
 5   12
 5   13
 5   14
 5   19
 6   2
 6   3
 6   7
 6   8
 6   11
 6   16
 6   17
 6   18
 6   20
 7   2
 7   3
 7   6
 7   8
 7   10
 7   11
 7   16
 7   17
 7   18
 7   20
 8   2
 8   3
 8   6
 8   7
 8   11
 8   14
 8   16
 8   17
 8   18
 8   20
 9   1
 9   2
 9   4
 9   5
 9   10
 9   12
 9   13
 9   14
 9   15
 9   19
 10   1
 10   4
 10   5
 10   7
 10   9
 10   11
 10   12
 10   13
 10   14
 10   15
 10   19
 11   2
 11   3
 11   6
 11   7
 11   8
 11   10
 11   16
 11   17
 11   18
 11   20
 12   5
 12   9
 12   10
 12   13
 12   14
 12   15
 12   19
 12   20
 13   1
 13   4
 13   5
 13   9
 13   10
 13   12
 13   14
 13   15
 13   19
 14   1
 14   4
 14   5
 14   8
 14   9
 14   10
 14   12
 14   13
 14   15
 14   19
 15   1
 15   4
 15   9
 15   10
 15   12
 15   13
 15   14
 15   19
 16   2
 16   3
 16   6
 16   7
 16   8
 16   11
 16   17
 16   18
 16   20
 17   1
 17   3
 17   6
 17   7
 17   8
 17   11
 17   16
 17   18
 17   20
 18   3
 18   4
 18   6
 18   7
 18   8
 18   11
 18   16
 18   17
 18   20
 19   1
 19   4
 19   5
 19   9
 19   10
 19   12
 19   13
 19   14
 19   15
 20   2
 20   3
 20   6
 20   7
 20   8
 20   11
 20   12
 20   16
 20   17
 20   18
