https://powcoder.com
代写代考加微信 powcoder
Assignment Project Exam Help
Add WeChat powcoder
https://powcoder.com
代写代考加微信 powcoder
Assignment Project Exam Help
Add WeChat powcoder
 1   4
 1   8
 1   9
 1   11
 1   12
 1   13
 1   14
 1   15
 1   18
 2   3
 2   4
 2   6
 2   7
 2   10
 2   14
 2   16
 2   17
 2   19
 2   20
 3   2
 3   4
 3   6
 3   7
 3   10
 3   12
 3   16
 3   17
 3   19
 3   20
 4   1
 4   2
 4   3
 4   7
 4   10
 4   16
 4   17
 4   19
 5   8
 5   9
 5   11
 5   12
 5   13
 5   14
 5   15
 5   18
 6   2
 6   3
 6   7
 6   8
 6   10
 6   11
 6   16
 6   17
 6   19
 6   20
 7   2
 7   3
 7   4
 7   6
 7   10
 7   12
 7   16
 7   17
 7   19
 7   20
 8   1
 8   5
 8   6
 8   9
 8   12
 8   13
 8   15
 8   18
 9   1
 9   5
 9   8
 9   10
 9   11
 9   12
 9   14
 9   15
 9   18
 10   2
 10   3
 10   4
 10   6
 10   7
 10   9
 10   16
 10   17
 10   19
 10   20
 11   1
 11   5
 11   6
 11   9
 11   12
 11   13
 11   14
 11   15
 11   18
 12   1
 12   3
 12   5
 12   7
 12   8
 12   9
 12   11
 12   13
 12   14
 12   15
 12   18
 13   1
 13   5
 13   8
 13   11
 13   12
 13   14
 13   15
 13   18
 13   20
 14   1
 14   2
 14   5
 14   9
 14   11
 14   12
 14   13
 14   18
 15   1
 15   5
 15   8
 15   9
 15   11
 15   12
 15   13
 15   18
 16   2
 16   3
 16   4
 16   6
 16   7
 16   10
 16   17
 16   19
 16   20
 17   2
 17   3
 17   4
 17   6
 17   7
 17   10
 17   16
 17   19
 17   20
 18   1
 18   5
 18   8
 18   9
 18   11
 18   12
 18   13
 18   14
 18   15
 19   2
 19   3
 19   4
 19   6
 19   7
 19   10
 19   16
 19   17
 20   2
 20   3
 20   6
 20   7
 20   10
 20   13
 20   16
 20   17
