https://powcoder.com
代写代考加微信 powcoder
Assignment Project Exam Help
Add WeChat powcoder
https://powcoder.com
代写代考加微信 powcoder
Assignment Project Exam Help
Add WeChat powcoder
 1   7
 1   9
 1   10
 1   12
 1   13
 1   14
 1   18
 2   7
 2   9
 2   10
 2   12
 2   13
 2   14
 2   16
 2   18
 3   4
 3   5
 3   6
 3   8
 3   9
 3   11
 3   15
 3   17
 3   19
 3   20
 4   3
 4   5
 4   6
 4   8
 4   11
 4   15
 4   17
 4   19
 4   20
 5   3
 5   4
 5   6
 5   8
 5   11
 5   15
 5   17
 5   19
 5   20
 6   3
 6   4
 6   5
 6   8
 6   11
 6   15
 6   16
 6   17
 6   19
 6   20
 7   1
 7   2
 7   9
 7   10
 7   13
 7   16
 7   18
 8   3
 8   4
 8   5
 8   6
 8   10
 8   11
 8   12
 8   14
 8   15
 8   17
 8   19
 8   20
 9   1
 9   2
 9   3
 9   7
 9   10
 9   11
 9   12
 9   13
 9   14
 9   16
 9   18
 9   20
 10   1
 10   2
 10   7
 10   8
 10   9
 10   12
 10   13
 10   14
 10   16
 10   18
 11   3
 11   4
 11   5
 11   6
 11   8
 11   9
 11   15
 11   17
 11   19
 11   20
 12   1
 12   2
 12   8
 12   9
 12   10
 12   13
 12   14
 12   16
 12   18
 13   1
 13   2
 13   7
 13   9
 13   10
 13   12
 13   14
 13   16
 13   18
 13   19
 14   1
 14   2
 14   8
 14   9
 14   10
 14   12
 14   13
 14   16
 14   18
 15   3
 15   4
 15   5
 15   6
 15   8
 15   11
 15   17
 15   19
 16   2
 16   6
 16   7
 16   9
 16   10
 16   12
 16   13
 16   14
 17   3
 17   4
 17   5
 17   6
 17   8
 17   11
 17   15
 17   19
 17   20
 18   1
 18   2
 18   7
 18   9
 18   10
 18   12
 18   13
 18   14
 19   3
 19   4
 19   5
 19   6
 19   8
 19   11
 19   13
 19   15
 19   17
 19   20
 20   3
 20   4
 20   5
 20   6
 20   8
 20   9
 20   11
 20   17
 20   19
