https://powcoder.com
代写代考加微信 powcoder
Assignment Project Exam Help
Add WeChat powcoder
https://powcoder.com
代写代考加微信 powcoder
Assignment Project Exam Help
Add WeChat powcoder
 1   3
 1   6
 1   9
 1   10
 1   13
 1   18
 1   19
 2   4
 2   5
 2   7
 2   8
 2   11
 2   14
 2   15
 2   17
 2   20
 3   1
 3   9
 3   10
 3   12
 3   16
 3   18
 3   19
 4   2
 4   5
 4   7
 4   11
 4   13
 4   14
 4   15
 4   17
 4   20
 5   2
 5   4
 5   7
 5   8
 5   11
 5   14
 5   15
 5   17
 5   20
 6   1
 6   9
 6   10
 6   12
 6   19
 7   2
 7   4
 7   5
 7   11
 7   14
 7   15
 7   17
 7   20
 8   2
 8   5
 8   11
 8   12
 8   14
 8   15
 8   17
 8   20
 9   1
 9   3
 9   6
 9   10
 9   12
 9   13
 9   16
 9   18
 9   19
 10   1
 10   3
 10   6
 10   9
 10   12
 10   13
 10   16
 10   18
 10   19
 11   2
 11   4
 11   5
 11   7
 11   8
 11   13
 11   14
 11   16
 11   17
 12   3
 12   6
 12   8
 12   9
 12   10
 12   13
 12   16
 12   17
 12   19
 13   1
 13   4
 13   9
 13   10
 13   11
 13   12
 13   14
 13   16
 13   18
 13   19
 14   2
 14   4
 14   5
 14   7
 14   8
 14   11
 14   13
 14   15
 14   17
 14   20
 15   2
 15   4
 15   5
 15   7
 15   8
 15   14
 15   17
 15   20
 16   3
 16   9
 16   10
 16   11
 16   12
 16   13
 16   18
 16   19
 17   2
 17   4
 17   5
 17   7
 17   8
 17   11
 17   12
 17   14
 17   15
 17   18
 17   19
 17   20
 18   1
 18   3
 18   9
 18   10
 18   13
 18   16
 18   17
 18   19
 19   1
 19   3
 19   6
 19   9
 19   10
 19   12
 19   13
 19   16
 19   17
 19   18
 20   2
 20   4
 20   5
 20   7
 20   8
 20   14
 20   15
 20   17
