https://powcoder.com
代写代考加微信 powcoder
Assignment Project Exam Help
Add WeChat powcoder
https://powcoder.com
代写代考加微信 powcoder
Assignment Project Exam Help
Add WeChat powcoder
 1   5
 1   8
 1   10
 1   11
 1   12
 1   13
 1   15
 1   16
 1   19
 2   3
 2   4
 2   6
 2   7
 2   8
 2   17
 2   18
 2   20
 3   2
 3   4
 3   6
 3   7
 3   8
 3   9
 3   17
 3   18
 4   2
 4   3
 4   7
 4   8
 4   12
 4   17
 4   18
 4   20
 5   1
 5   10
 5   11
 5   12
 5   13
 5   14
 5   15
 5   16
 5   19
 6   2
 6   3
 6   7
 6   8
 6   9
 6   11
 6   16
 6   17
 6   18
 7   2
 7   3
 7   4
 7   6
 7   8
 7   17
 7   18
 7   20
 8   1
 8   2
 8   3
 8   4
 8   6
 8   7
 8   9
 8   12
 8   17
 8   18
 8   20
 9   3
 9   6
 9   8
 9   11
 9   17
 9   18
 9   20
 10   1
 10   5
 10   11
 10   12
 10   13
 10   14
 10   15
 10   16
 10   19
 11   1
 11   5
 11   6
 11   9
 11   10
 11   12
 11   13
 11   14
 11   15
 11   16
 11   19
 12   1
 12   4
 12   5
 12   8
 12   10
 12   11
 12   13
 12   14
 12   15
 12   16
 12   19
 13   1
 13   5
 13   10
 13   11
 13   12
 13   14
 13   15
 13   16
 13   19
 14   5
 14   10
 14   11
 14   12
 14   13
 14   15
 14   16
 14   19
 15   1
 15   5
 15   10
 15   11
 15   12
 15   13
 15   14
 15   16
 15   17
 16   1
 16   5
 16   6
 16   10
 16   11
 16   12
 16   13
 16   14
 16   15
 16   19
 17   2
 17   3
 17   4
 17   6
 17   7
 17   8
 17   9
 17   15
 17   18
 17   20
 18   2
 18   3
 18   4
 18   6
 18   7
 18   8
 18   9
 18   17
 18   20
 19   1
 19   5
 19   10
 19   11
 19   12
 19   13
 19   14
 19   16
 19   20
 20   2
 20   4
 20   7
 20   8
 20   9
 20   17
 20   18
 20   19
