https://powcoder.com
代写代考加微信 powcoder
Assignment Project Exam Help
Add WeChat powcoder
https://powcoder.com
代写代考加微信 powcoder
Assignment Project Exam Help
Add WeChat powcoder
 1   4
 1   5
 1   6
 1   7
 1   10
 1   11
 1   13
 1   16
 2   3
 2   8
 2   12
 2   14
 2   17
 2   19
 2   20
 3   2
 3   4
 3   8
 3   12
 3   14
 3   15
 3   17
 3   18
 3   19
 3   20
 4   1
 4   3
 4   5
 4   6
 4   7
 4   9
 4   10
 4   11
 4   13
 5   1
 5   4
 5   6
 5   7
 5   9
 5   10
 5   11
 5   13
 5   16
 6   1
 6   4
 6   5
 6   7
 6   9
 6   10
 6   11
 6   13
 6   16
 7   1
 7   4
 7   5
 7   6
 7   9
 7   10
 7   11
 7   13
 7   16
 7   18
 8   2
 8   3
 8   12
 8   14
 8   15
 8   17
 8   18
 8   19
 8   20
 9   4
 9   5
 9   6
 9   7
 9   10
 9   11
 9   13
 9   16
 9   18
 10   1
 10   4
 10   5
 10   6
 10   7
 10   9
 10   11
 10   13
 10   16
 10   19
 11   1
 11   4
 11   5
 11   6
 11   7
 11   9
 11   10
 11   13
 11   14
 11   15
 11   17
 12   2
 12   3
 12   8
 12   14
 12   15
 12   17
 12   18
 12   19
 12   20
 13   1
 13   4
 13   5
 13   6
 13   7
 13   9
 13   10
 13   11
 13   16
 14   2
 14   3
 14   8
 14   11
 14   12
 14   15
 14   17
 14   18
 14   19
 14   20
 15   3
 15   8
 15   11
 15   12
 15   14
 15   17
 15   18
 15   19
 15   20
 16   1
 16   5
 16   6
 16   7
 16   9
 16   10
 16   13
 16   18
 17   2
 17   3
 17   8
 17   11
 17   12
 17   14
 17   15
 17   18
 17   19
 17   20
 18   3
 18   7
 18   8
 18   9
 18   12
 18   14
 18   15
 18   16
 18   17
 18   19
 18   20
 19   2
 19   3
 19   8
 19   10
 19   12
 19   14
 19   15
 19   17
 19   18
 19   20
 20   2
 20   3
 20   8
 20   12
 20   14
 20   15
 20   17
 20   18
 20   19
