https://powcoder.com
代写代考加微信 powcoder
Assignment Project Exam Help
Add WeChat powcoder
https://powcoder.com
代写代考加微信 powcoder
Assignment Project Exam Help
Add WeChat powcoder
 1   2
 1   3
 1   6
 1   9
 1   11
 1   12
 1   17
 1   18
 2   1
 2   3
 2   5
 2   6
 2   9
 2   10
 2   12
 2   13
 2   17
 2   18
 3   1
 3   2
 3   6
 3   9
 3   12
 3   13
 3   17
 3   18
 4   7
 4   8
 4   11
 4   14
 4   15
 4   16
 4   17
 4   19
 4   20
 5   2
 5   7
 5   8
 5   11
 5   14
 5   15
 5   16
 5   19
 5   20
 6   1
 6   2
 6   3
 6   9
 6   10
 6   12
 6   13
 6   17
 6   18
 6   20
 7   4
 7   5
 7   8
 7   11
 7   15
 7   16
 7   18
 7   19
 7   20
 8   4
 8   5
 8   7
 8   11
 8   12
 8   14
 8   15
 8   16
 8   18
 8   19
 8   20
 9   1
 9   2
 9   3
 9   6
 9   10
 9   12
 9   17
 9   18
 10   2
 10   6
 10   9
 10   12
 10   13
 10   17
 10   18
 11   1
 11   4
 11   5
 11   7
 11   8
 11   15
 11   16
 11   19
 11   20
 12   1
 12   2
 12   3
 12   6
 12   8
 12   9
 12   10
 12   17
 13   2
 13   3
 13   6
 13   10
 13   17
 13   18
 14   4
 14   5
 14   8
 14   15
 14   16
 14   19
 14   20
 15   4
 15   5
 15   7
 15   8
 15   11
 15   14
 15   16
 15   19
 15   20
 16   4
 16   5
 16   7
 16   8
 16   11
 16   14
 16   15
 16   19
 16   20
 17   1
 17   2
 17   3
 17   4
 17   6
 17   9
 17   10
 17   12
 17   13
 17   18
 17   20
 18   1
 18   2
 18   3
 18   6
 18   7
 18   8
 18   9
 18   10
 18   13
 18   17
 19   4
 19   5
 19   7
 19   8
 19   11
 19   14
 19   15
 19   16
 19   20
 20   4
 20   5
 20   6
 20   7
 20   8
 20   11
 20   14
 20   15
 20   16
 20   17
 20   19
