https://powcoder.com
代写代考加微信 powcoder
Assignment Project Exam Help
Add WeChat powcoder
https://powcoder.com
代写代考加微信 powcoder
Assignment Project Exam Help
Add WeChat powcoder
 1   3
 1   4
 1   5
 1   6
 1   8
 1   9
 1   10
 1   11
 1   16
 1   18
 2   7
 2   8
 2   12
 2   14
 2   15
 2   16
 2   17
 2   19
 2   20
 3   1
 3   5
 3   6
 3   10
 3   11
 3   13
 3   18
 4   1
 4   5
 4   6
 4   9
 4   10
 4   11
 4   13
 4   18
 5   1
 5   3
 5   4
 5   7
 5   9
 5   10
 5   11
 5   13
 5   14
 5   18
 6   1
 6   3
 6   4
 6   7
 6   9
 6   10
 6   11
 6   13
 6   14
 6   18
 7   2
 7   5
 7   6
 7   8
 7   12
 7   14
 7   16
 7   17
 7   19
 7   20
 8   1
 8   2
 8   7
 8   12
 8   14
 8   16
 8   17
 8   18
 8   19
 8   20
 9   1
 9   4
 9   5
 9   6
 9   11
 9   13
 9   18
 10   1
 10   3
 10   4
 10   5
 10   6
 10   11
 10   13
 10   18
 11   1
 11   3
 11   4
 11   5
 11   6
 11   9
 11   10
 11   13
 12   2
 12   7
 12   8
 12   14
 12   15
 12   16
 12   17
 12   19
 12   20
 13   3
 13   4
 13   5
 13   6
 13   9
 13   10
 13   11
 13   18
 14   2
 14   5
 14   6
 14   7
 14   8
 14   12
 14   15
 14   16
 14   17
 14   19
 14   20
 15   2
 15   12
 15   14
 15   16
 15   17
 15   19
 15   20
 16   1
 16   2
 16   7
 16   8
 16   12
 16   14
 16   15
 16   17
 16   18
 16   19
 16   20
 17   2
 17   7
 17   8
 17   12
 17   14
 17   15
 17   16
 17   19
 17   20
 18   1
 18   3
 18   4
 18   5
 18   6
 18   8
 18   9
 18   10
 18   13
 18   16
 19   2
 19   7
 19   8
 19   12
 19   14
 19   15
 19   16
 19   17
 19   20
 20   2
 20   7
 20   8
 20   12
 20   14
 20   15
 20   16
 20   17
 20   19
