https://powcoder.com
代写代考加微信 powcoder
Assignment Project Exam Help
Add WeChat powcoder
https://powcoder.com
代写代考加微信 powcoder
Assignment Project Exam Help
Add WeChat powcoder
 1   2
 1   3
 1   4
 1   6
 1   8
 1   10
 1   14
 1   20
 2   1
 2   3
 2   4
 2   6
 2   8
 2   10
 2   18
 2   20
 3   1
 3   2
 3   4
 3   6
 3   7
 3   8
 3   10
 3   14
 3   18
 3   20
 4   1
 4   2
 4   3
 4   6
 4   8
 4   9
 4   10
 4   14
 4   18
 4   19
 4   20
 5   7
 5   9
 5   10
 5   11
 5   12
 5   13
 5   15
 5   16
 5   17
 5   19
 6   1
 6   2
 6   3
 6   4
 6   8
 6   10
 6   14
 6   18
 6   20
 7   3
 7   5
 7   9
 7   10
 7   11
 7   12
 7   15
 7   16
 7   17
 7   19
 8   1
 8   2
 8   3
 8   4
 8   6
 8   10
 8   14
 8   18
 8   20
 9   4
 9   5
 9   7
 9   11
 9   12
 9   13
 9   15
 9   16
 9   17
 9   19
 10   1
 10   2
 10   3
 10   4
 10   5
 10   6
 10   7
 10   8
 10   14
 10   18
 10   20
 11   5
 11   7
 11   9
 11   12
 11   13
 11   15
 11   16
 11   17
 11   19
 11   20
 12   5
 12   7
 12   9
 12   11
 12   13
 12   15
 12   17
 12   19
 13   5
 13   9
 13   11
 13   12
 13   15
 13   16
 13   17
 13   18
 13   19
 14   1
 14   3
 14   4
 14   6
 14   8
 14   10
 14   18
 14   19
 14   20
 15   5
 15   7
 15   9
 15   11
 15   12
 15   13
 15   16
 15   17
 15   19
 16   5
 16   7
 16   9
 16   11
 16   13
 16   15
 16   17
 16   19
 17   5
 17   7
 17   9
 17   11
 17   12
 17   13
 17   15
 17   16
 17   19
 18   2
 18   3
 18   4
 18   6
 18   8
 18   10
 18   13
 18   14
 18   20
 19   4
 19   5
 19   7
 19   9
 19   11
 19   12
 19   13
 19   14
 19   15
 19   16
 19   17
 20   1
 20   2
 20   3
 20   4
 20   6
 20   8
 20   10
 20   11
 20   14
 20   18
