https://powcoder.com
代写代考加微信 powcoder
Assignment Project Exam Help
Add WeChat powcoder
https://powcoder.com
代写代考加微信 powcoder
Assignment Project Exam Help
Add WeChat powcoder
 1   2
 1   4
 1   5
 1   6
 1   16
 1   19
 1   20
 2   1
 2   3
 2   4
 2   5
 2   6
 2   8
 2   12
 2   16
 2   17
 2   19
 2   20
 3   2
 3   7
 3   10
 3   11
 3   12
 3   13
 3   14
 3   15
 3   19
 4   1
 4   2
 4   5
 4   6
 4   8
 4   16
 4   17
 4   19
 4   20
 5   1
 5   2
 5   4
 5   6
 5   8
 5   15
 5   16
 5   17
 5   18
 5   20
 6   1
 6   2
 6   4
 6   5
 6   7
 6   8
 6   17
 6   19
 6   20
 7   3
 7   6
 7   9
 7   11
 7   12
 7   14
 7   15
 7   18
 8   2
 8   4
 8   5
 8   6
 8   15
 8   16
 8   17
 8   19
 8   20
 9   7
 9   11
 9   12
 9   13
 9   14
 9   15
 9   18
 10   3
 10   11
 10   12
 10   13
 10   14
 10   15
 10   18
 11   3
 11   7
 11   9
 11   10
 11   12
 11   13
 11   14
 11   15
 11   18
 12   2
 12   3
 12   7
 12   9
 12   10
 12   11
 12   13
 12   14
 12   15
 12   18
 13   3
 13   9
 13   10
 13   11
 13   12
 13   14
 13   18
 13   20
 14   3
 14   7
 14   9
 14   10
 14   11
 14   12
 14   13
 14   15
 15   3
 15   5
 15   7
 15   8
 15   9
 15   10
 15   11
 15   12
 15   14
 15   18
 16   1
 16   2
 16   4
 16   5
 16   8
 16   17
 16   19
 16   20
 17   2
 17   4
 17   5
 17   6
 17   8
 17   16
 17   19
 17   20
 18   5
 18   7
 18   9
 18   10
 18   11
 18   12
 18   13
 18   15
 19   1
 19   2
 19   3
 19   4
 19   6
 19   8
 19   16
 19   17
 19   20
 20   1
 20   2
 20   4
 20   5
 20   6
 20   8
 20   13
 20   16
 20   17
 20   19
