https://powcoder.com
代写代考加微信 powcoder
Assignment Project Exam Help
Add WeChat powcoder
https://powcoder.com
代写代考加微信 powcoder
Assignment Project Exam Help
Add WeChat powcoder
 1   2
 1   3
 1   8
 1   9
 1   14
 1   15
 1   16
 1   17
 1   19
 2   1
 2   3
 2   8
 2   9
 2   14
 2   15
 2   17
 2   20
 3   1
 3   2
 3   8
 3   9
 3   12
 3   14
 3   15
 3   17
 3   19
 4   5
 4   6
 4   7
 4   10
 4   11
 4   12
 4   13
 4   16
 5   4
 5   6
 5   7
 5   10
 5   11
 5   12
 5   16
 5   18
 6   4
 6   5
 6   7
 6   10
 6   11
 6   12
 6   13
 6   16
 6   18
 7   4
 7   5
 7   6
 7   10
 7   11
 7   12
 7   16
 7   18
 7   20
 8   1
 8   2
 8   3
 8   9
 8   12
 8   14
 8   15
 8   17
 8   19
 9   1
 9   2
 9   3
 9   8
 9   14
 9   15
 9   17
 9   19
 9   20
 10   4
 10   5
 10   6
 10   7
 10   11
 10   12
 10   13
 10   16
 10   18
 11   4
 11   5
 11   6
 11   7
 11   10
 11   12
 11   13
 11   16
 11   17
 11   18
 12   3
 12   4
 12   5
 12   6
 12   7
 12   8
 12   10
 12   11
 12   13
 12   16
 12   18
 13   4
 13   6
 13   10
 13   11
 13   12
 13   16
 13   18
 13   20
 14   1
 14   2
 14   3
 14   8
 14   9
 14   15
 14   17
 14   19
 14   20
 15   1
 15   2
 15   3
 15   8
 15   9
 15   14
 15   17
 15   19
 16   1
 16   4
 16   5
 16   6
 16   7
 16   10
 16   11
 16   12
 16   13
 16   18
 17   1
 17   2
 17   3
 17   8
 17   9
 17   11
 17   14
 17   15
 17   19
 17   20
 18   5
 18   6
 18   7
 18   10
 18   11
 18   12
 18   13
 18   16
 19   1
 19   3
 19   8
 19   9
 19   14
 19   15
 19   17
 19   20
 20   2
 20   7
 20   9
 20   13
 20   14
 20   17
 20   19
