https://powcoder.com
代写代考加微信 powcoder
Assignment Project Exam Help
Add WeChat powcoder
https://powcoder.com
代写代考加微信 powcoder
Assignment Project Exam Help
Add WeChat powcoder
 1   2
 1   5
 1   12
 1   15
 1   17
 1   18
 1   19
 1   20
 2   1
 2   3
 2   5
 2   12
 2   14
 2   17
 2   18
 2   19
 2   20
 3   2
 3   5
 3   8
 3   17
 3   18
 3   19
 3   20
 4   6
 4   8
 4   9
 4   10
 4   11
 4   13
 4   15
 4   16
 4   19
 5   1
 5   2
 5   3
 5   6
 5   8
 5   12
 5   17
 5   18
 5   19
 5   20
 6   4
 6   5
 6   7
 6   8
 6   9
 6   10
 6   13
 6   15
 6   16
 7   6
 7   8
 7   9
 7   10
 7   11
 7   13
 7   15
 7   16
 8   3
 8   4
 8   5
 8   6
 8   7
 8   9
 8   10
 8   11
 8   13
 8   15
 8   16
 9   4
 9   6
 9   7
 9   8
 9   10
 9   11
 9   13
 9   15
 9   16
 10   4
 10   6
 10   7
 10   8
 10   9
 10   11
 10   13
 10   14
 10   15
 10   16
 11   4
 11   7
 11   8
 11   9
 11   10
 11   13
 11   15
 11   16
 12   1
 12   2
 12   5
 12   14
 12   17
 12   20
 13   4
 13   6
 13   7
 13   8
 13   9
 13   10
 13   11
 13   15
 13   16
 13   18
 14   2
 14   10
 14   12
 14   15
 14   17
 14   18
 14   19
 14   20
 15   1
 15   4
 15   6
 15   7
 15   8
 15   9
 15   10
 15   11
 15   13
 15   14
 15   16
 16   4
 16   6
 16   7
 16   8
 16   9
 16   10
 16   11
 16   13
 16   15
 17   1
 17   2
 17   3
 17   5
 17   12
 17   14
 17   18
 17   19
 17   20
 18   1
 18   2
 18   3
 18   5
 18   13
 18   14
 18   17
 18   19
 18   20
 19   1
 19   2
 19   3
 19   4
 19   5
 19   14
 19   17
 19   18
 19   20
 20   1
 20   2
 20   3
 20   5
 20   12
 20   14
 20   17
 20   18
 20   19
