https://powcoder.com
代写代考加微信 powcoder
Assignment Project Exam Help
Add WeChat powcoder
https://powcoder.com
代写代考加微信 powcoder
Assignment Project Exam Help
Add WeChat powcoder
 1   2
 1   7
 1   8
 1   9
 1   14
 1   17
 1   18
 1   19
 1   20
 2   1
 2   7
 2   8
 2   14
 2   17
 2   18
 2   19
 2   20
 3   4
 3   5
 3   6
 3   10
 3   11
 3   12
 3   13
 3   15
 3   16
 4   3
 4   5
 4   6
 4   10
 4   12
 4   13
 4   14
 4   15
 4   16
 4   18
 5   3
 5   4
 5   6
 5   10
 5   11
 5   12
 5   13
 5   15
 5   16
 6   3
 6   4
 6   5
 6   10
 6   11
 6   12
 6   13
 6   15
 6   16
 7   1
 7   2
 7   8
 7   9
 7   13
 7   14
 7   17
 7   18
 7   19
 7   20
 8   1
 8   2
 8   7
 8   10
 8   13
 8   14
 8   17
 8   18
 8   19
 8   20
 9   1
 9   7
 9   14
 9   17
 9   18
 9   19
 9   20
 10   3
 10   4
 10   5
 10   6
 10   8
 10   11
 10   12
 10   13
 10   15
 10   16
 11   3
 11   5
 11   6
 11   10
 11   12
 11   13
 11   15
 11   16
 11   18
 12   3
 12   4
 12   5
 12   6
 12   10
 12   11
 12   13
 12   15
 12   16
 13   3
 13   4
 13   5
 13   6
 13   7
 13   8
 13   10
 13   11
 13   12
 13   15
 13   16
 13   17
 14   1
 14   2
 14   4
 14   7
 14   8
 14   9
 14   17
 14   18
 14   19
 14   20
 15   3
 15   4
 15   5
 15   6
 15   10
 15   11
 15   12
 15   13
 15   16
 15   18
 16   3
 16   4
 16   5
 16   6
 16   10
 16   11
 16   12
 16   13
 16   15
 17   1
 17   2
 17   7
 17   8
 17   9
 17   13
 17   14
 17   19
 17   20
 18   1
 18   2
 18   4
 18   7
 18   8
 18   9
 18   11
 18   14
 18   15
 18   19
 18   20
 19   1
 19   2
 19   7
 19   8
 19   9
 19   14
 19   17
 19   18
 19   20
 20   1
 20   2
 20   7
 20   8
 20   9
 20   14
 20   17
 20   18
 20   19
